3.500000 2.600000
3.496000 2.603000
3.492001 2.605997
3.488004 2.608990
3.484011 2.611977
3.480021 2.614955
3.476036 2.617922
3.472057 2.620877
3.468084 2.623816
3.464120 2.626738
3.460165 2.629640
3.456219 2.632521
3.452285 2.635378
3.448362 2.638209
3.444452 2.641012
3.440556 2.643785
3.436675 2.646525
3.432810 2.649231
3.428962 2.651901
3.425131 2.654531
3.421319 2.657120
3.417527 2.659666
3.413756 2.662167
3.410006 2.664620
3.406279 2.667023
3.402576 2.669375
3.398898 2.671673
3.395245 2.673914
3.391619 2.676097
3.388021 2.678220
3.384452 2.680280
3.380912 2.682276
3.377403 2.684204
3.373925 2.686063
3.370480 2.687851
3.367069 2.689565
3.363693 2.691204
3.360352 2.692765
3.357047 2.694247
3.353780 2.695646
3.350552 2.696961
3.347364 2.698189
3.344216 2.699329
3.341109 2.700378
3.338045 2.701335
3.335025 2.702196
3.332049 2.702960
3.329118 2.703625
3.326234 2.704188
3.323398 2.704648
3.320610 2.705001
3.317871 2.705247
3.315183 2.705383
3.312547 2.705406
3.309962 2.705315
3.307432 2.705107
3.304955 2.704780
3.302534 2.704332
3.300170 2.703762
3.297863 2.703066
3.295614 2.702242
3.293424 2.701289
3.291295 2.700204
3.289227 2.698986
3.287222 2.697631
3.285280 2.696138
3.283402 2.694504
3.281589 2.692728
3.279843 2.690808
3.278164 2.688740
3.276553 2.686523
3.275012 2.684156
3.273541 2.681634
3.272141 2.678958
3.270813 2.676123
3.269558 2.673129
3.268378 2.669973
3.267272 2.666653
3.266243 2.663166
3.265292 2.659511
3.264418 2.655685
3.263623 2.651686
3.262909 2.647513
3.262275 2.643162
3.261724 2.638632
3.261256 2.633921
3.260872 2.629026
3.260573 2.623945
3.260360 2.618677
3.260234 2.613218
3.260196 2.607567
3.260248 2.601722
3.260389 2.595680
3.260621 2.589439
3.260945 2.582998
3.261363 2.576353
3.261874 2.569504
3.262480 2.562447
3.263182 2.555180
3.263981 2.547702
3.100000 2.900000
3.099347 2.895693
3.098791 2.891175
3.098332 2.886450
3.097967 2.881524
3.097696 2.876401
3.097518 2.871086
3.097430 2.865584
3.097431 2.859899
3.097521 2.854037
3.097698 2.848002
3.097960 2.841799
3.098306 2.835433
3.098735 2.828909
3.099245 2.822230
3.099836 2.815403
3.100505 2.808432
3.101251 2.801322
3.102074 2.794078
3.102971 2.786704
3.103942 2.779205
3.104984 2.771586
3.106098 2.763852
3.107280 2.756007
3.108531 2.748057
3.109848 2.740006
3.111230 2.731859
3.112677 2.723621
3.114185 2.715296
3.115756 2.706890
3.117386 2.698407
3.119074 2.689852
3.120820 2.681230
3.122622 2.672546
3.124478 2.663803
3.126387 2.655008
3.128348 2.646165
3.130359 2.637279
3.132420 2.628355
3.134529 2.619396
3.136683 2.610409
3.138883 2.601398
3.141127 2.592368
3.143413 2.583324
3.145740 2.574269
3.148107 2.565210
3.150512 2.556151
3.152954 2.547097
3.155431 2.538052
3.157943 2.529022
3.160488 2.520011
3.163065 2.511024
3.165672 2.502066
3.168307 2.493141
3.170971 2.484255
3.173660 2.475412
3.176375 2.466616
3.179113 2.457874
3.181873 2.449189
3.184654 2.440567
3.187454 2.432012
3.190273 2.423529
3.193108 2.415122
3.195959 2.406797
3.198824 2.398559
3.201702 2.390412
3.204591 2.382360
3.207490 2.374410
3.210398 2.366565
3.213313 2.358831
3.216235 2.351211
3.219161 2.343712
3.222090 2.336337
3.225021 2.329093
3.227953 2.321982
3.230885 2.315011
3.233814 2.308183
3.236740 2.301505
3.239661 2.294980
3.242576 2.288613
3.245483 2.282409
3.248382 2.276374
3.251271 2.270511
3.254148 2.264826
3.257012 2.259323
3.259863 2.254008
3.262697 2.248884
3.265515 2.243957
3.268315 2.239232
3.271095 2.234713
3.273854 2.230406
3.276591 2.226314
3.279304 2.222443
3.281993 2.218798
3.284655 2.215383
3.287289 2.212203
3.289895 2.209263
3.292470 2.206568
3.295013 2.204123
3.297524 2.201932
3.300000 2.200000
3.302441 2.198331
3.304847 2.196921
3.307218 2.195766
3.309557 2.194862
3.311863 2.194204
3.314137 2.193788
3.316380 2.193609
3.318593 2.193663
3.320777 2.193946
3.322932 2.194452
3.325060 2.195178
3.327160 2.196120
3.329235 2.197272
3.331284 2.198630
3.333308 2.200190
3.335309 2.201948
3.337287 2.203898
3.339242 2.206037
3.341176 2.208360
3.343090 2.210863
3.344984 2.213541
3.346859 2.216390
3.348715 2.219405
3.350555 2.222582
3.352377 2.225916
3.354184 2.229403
3.355976 2.233039
3.357753 2.236819
3.359518 2.240739
3.361269 2.244794
3.363009 2.248980
3.364738 2.253292
3.366456 2.257726
3.368165 2.262277
3.369866 2.266942
3.371558 2.271715
3.373244 2.276593
3.374923 2.281570
3.376597 2.286642
3.378266 2.291806
3.379931 2.297055
3.381593 2.302387
3.383253 2.307796
3.384912 2.313279
3.386570 2.318830
3.388228 2.324445
3.389886 2.330120
3.391547 2.335850
3.393210 2.341632
3.394876 2.347459
3.396547 2.353329
3.398222 2.359237
3.399903 2.365177
3.401591 2.371147
3.403286 2.377140
3.404988 2.383153
3.406700 2.389182
3.408422 2.395222
3.410154 2.401268
3.411897 2.407317
3.413652 2.413363
3.415420 2.419402
3.417202 2.425430
3.418998 2.431442
3.420809 2.437434
3.422637 2.443402
3.424481 2.449341
3.426343 2.455246
3.428224 2.461113
3.430123 2.466938
3.432043 2.472716
3.433983 2.478444
3.435945 2.484115
3.437930 2.489726
3.439937 2.495273
3.441969 2.500751
3.444026 2.506156
3.446108 2.511483
3.448216 2.516727
3.450352 2.521885
3.452515 2.526952
3.454708 2.531923
3.456930 2.536794
3.459182 2.541561
3.461466 2.546218
3.463781 2.550763
3.466129 2.555190
3.468511 2.559494
3.470927 2.563672
3.473379 2.567719
3.475866 2.571630
3.478390 2.575401
3.480951 2.579028
3.483551 2.582506
3.486190 2.585831
3.488869 2.588998
3.491589 2.592003
3.494350 2.594841
3.497153 2.597508
3.500000 2.600000
3.502890 2.602313
3.505823 2.604451
3.508797 2.606416
3.511812 2.608213
3.514865 2.609846
3.517956 2.611319
3.521084 2.612636
3.524247 2.613801
3.527443 2.614817
3.530673 2.615689
3.533934 2.616421
3.537225 2.617016
3.540546 2.617479
3.543894 2.617814
3.547269 2.618023
3.550669 2.618113
3.554093 2.618085
3.557540 2.617945
3.561009 2.617697
3.564498 2.617343
3.568006 2.616889
3.571533 2.616338
3.575075 2.615694
3.578634 2.614961
3.582206 2.614143
3.585791 2.613244
3.589388 2.612268
3.592996 2.611219
3.596613 2.610101
3.600238 2.608918
3.603869 2.607673
3.607506 2.606371
3.611148 2.605016
3.614792 2.603611
3.618438 2.602161
3.622085 2.600670
3.625731 2.599141
3.629375 2.597578
3.633016 2.595986
3.636653 2.594368
3.640284 2.592729
3.643908 2.591072
3.647524 2.589401
3.651131 2.587720
3.654727 2.586033
3.658312 2.584345
3.661883 2.582659
3.665440 2.580978
3.668981 2.579308
3.672506 2.577651
3.676013 2.576012
3.679500 2.574396
3.682967 2.572805
3.686413 2.571243
3.689835 2.569716
3.693233 2.568226
3.696606 2.566777
3.699952 2.565375
3.703270 2.564022
3.706559 2.562722
3.709817 2.561480
3.713044 2.560299
3.716238 2.559183
3.719398 2.558137
3.722523 2.557164
3.725611 2.556268
3.728661 2.555453
3.731672 2.554724
3.734643 2.554084
3.737573 2.553536
3.740459 2.553086
3.743302 2.552736
3.746099 2.552492
3.748850 2.552356
3.751553 2.552334
3.754207 2.552427
3.756811 2.552642
3.759364 2.552982
3.761864 2.553450
3.764310 2.554050
3.766701 2.554787
3.769035 2.555665
3.771312 2.556687
3.773530 2.557858
3.775687 2.559181
3.777784 2.560660
3.779818 2.562300
3.781788 2.564103
3.783693 2.566075
3.785532 2.568220
3.787303 2.570540
3.789005 2.573040
3.790638 2.575724
3.792199 2.578597
3.793687 2.581661
3.795102 2.584921
3.796442 2.588381
3.797706 2.592045
3.798892 2.595917
3.800000 2.600000
3.801028 2.604298
3.801978 2.608806
3.802852 2.613520
3.803651 2.618436
3.804377 2.623549
3.805032 2.628853
3.805618 2.634344
3.806136 2.640017
3.806588 2.645868
3.806976 2.651891
3.807302 2.658082
3.807567 2.664436
3.807773 2.670948
3.807922 2.677614
3.808016 2.684429
3.808056 2.691387
3.808045 2.698485
3.807983 2.705717
3.807874 2.713078
3.807717 2.720564
3.807516 2.728170
3.807272 2.735892
3.806986 2.743723
3.806661 2.751661
3.806299 2.759699
3.805900 2.767834
3.805467 2.776059
3.805002 2.784371
3.804505 2.792765
3.803980 2.801236
3.803428 2.809779
3.802850 2.818389
3.802249 2.827062
3.801625 2.835792
3.800981 2.844576
3.800319 2.853408
3.799641 2.862283
3.798947 2.871197
3.798240 2.880144
3.797522 2.889121
3.796794 2.898122
3.796058 2.907143
3.795316 2.916178
3.794570 2.925224
3.793821 2.934274
3.793071 2.943325
3.792323 2.952371
3.791576 2.961408
3.790835 2.970432
3.790099 2.979436
3.789371 2.988417
3.788653 2.997370
3.787947 3.006289
3.787253 3.015171
3.786575 3.024010
3.785913 3.032801
3.785270 3.041540
3.784646 3.050222
3.784045 3.058843
3.783468 3.067396
3.782916 3.075878
3.782391 3.084285
3.781896 3.092610
3.781431 3.100849
3.780999 3.108998
3.780600 3.117052
3.780238 3.125005
3.779914 3.132854
3.779629 3.140593
3.779386 3.148217
3.779186 3.155722
3.779030 3.163103
3.778921 3.170356
3.778860 3.177475
3.778850 3.184455
3.778891 3.191292
3.778986 3.197982
3.779136 3.204518
3.779343 3.210897
3.779609 3.217114
3.779936 3.223164
3.780325 3.229042
3.780779 3.234743
3.781298 3.240263
3.781885 3.245596
3.782541 3.250739
3.783268 3.255686
3.784069 3.260432
3.784944 3.264973
3.785895 3.269303
3.786925 3.273419
3.788034 3.277315
3.789226 3.280987
3.790500 3.284429
3.791860 3.287637
3.793307 3.290607
3.794843 3.293332
3.796469 3.295810
3.798188 3.298034
3.800000 3.300000
3.801908 3.301705
3.803909 3.303152
3.806001 3.304347
3.808183 3.305293
3.810451 3.305997
3.812805 3.306463
3.815241 3.306696
3.817757 3.306701
3.820352 3.306483
3.823023 3.306048
3.825768 3.305399
3.828584 3.304542
3.831470 3.303483
3.834423 3.302225
3.837441 3.300774
3.840523 3.299136
3.843665 3.297314
3.846865 3.295314
3.850122 3.293141
3.853433 3.290800
3.856796 3.288296
3.860209 3.285634
3.863669 3.282818
3.867175 3.279855
3.870724 3.276748
3.874314 3.273503
3.877943 3.270124
3.881609 3.266618
3.885309 3.262988
3.889041 3.259239
3.892804 3.255378
3.896594 3.251408
3.900410 3.247335
3.904250 3.243163
3.908111 3.238898
3.911991 3.234545
3.915888 3.230108
3.919800 3.225593
3.923725 3.221004
3.927659 3.216347
3.931602 3.211626
3.935551 3.206847
3.939504 3.202014
3.943459 3.197133
3.947413 3.192208
3.951364 3.187245
3.955311 3.182247
3.959250 3.177222
3.963180 3.172172
3.967098 3.167104
3.971003 3.162023
3.974892 3.156932
3.978763 3.151838
3.982613 3.146745
3.986441 3.141659
3.990245 3.136583
3.994022 3.131524
3.997769 3.126486
4.001486 3.121474
4.005169 3.116493
4.008817 3.111549
4.012427 3.106645
4.015997 3.101788
4.019524 3.096982
4.023008 3.092232
4.026445 3.087542
4.029833 3.082919
4.033170 3.078367
4.036455 3.073891
4.039684 3.069496
4.042855 3.065187
4.045967 3.060968
4.049017 3.056846
4.052003 3.052824
4.054923 3.048909
4.057775 3.045104
4.060555 3.041415
4.063264 3.037847
4.065897 3.034405
4.068453 3.031093
4.070929 3.027918
4.073324 3.024883
4.075636 3.021993
4.077861 3.019255
4.079999 3.016672
4.082046 3.014250
4.084000 3.011993
4.085860 3.009907
4.087624 3.007997
4.089288 3.006267
4.090851 3.004723
4.092310 3.003370
4.093664 3.002212
4.094910 3.001255
4.096046 3.000503
4.097070 2.999961
4.097979 2.999635
4.098772 2.999530
4.099447 2.999650
4.100000 3.000000
4.100431 3.000584
4.100742 3.001399
4.100935 3.002441
4.101013 3.003706
4.100980 3.005188
4.100837 3.006884
4.100589 3.008790
4.100236 3.010900
4.099783 3.013211
4.099232 3.015719
4.098586 3.018418
4.097847 3.021305
4.097019 3.024375
4.096104 3.027625
4.095106 3.031048
4.094026 3.034643
4.092867 3.038403
4.091634 3.042324
4.090327 3.046403
4.088951 3.050635
4.087507 3.055015
4.085999 3.059540
4.084429 3.064204
4.082801 3.069004
4.081117 3.073935
4.079379 3.078993
4.077592 3.084174
4.075756 3.089472
4.073876 3.094885
4.071954 3.100407
4.069993 3.106034
4.067995 3.111761
4.065964 3.117586
4.063902 3.123502
4.061812 3.129506
4.059697 3.135594
4.057559 3.141760
4.055402 3.148002
4.053229 3.154313
4.051041 3.160691
4.048842 3.167131
4.046634 3.173628
4.044421 3.180177
4.042205 3.186776
4.039989 3.193419
4.037776 3.200102
4.035569 3.206820
4.033370 3.213570
4.031182 3.220347
4.029008 3.227146
4.026851 3.233964
4.024714 3.240796
4.022599 3.247637
4.020509 3.254484
4.018447 3.261331
4.016416 3.268175
4.014418 3.275011
4.012457 3.281835
4.010535 3.288643
4.008655 3.295430
4.006820 3.302192
4.005033 3.308924
4.003295 3.315622
4.001611 3.322283
3.999983 3.328900
3.998414 3.335471
3.996906 3.341991
3.995462 3.348455
3.994086 3.354859
3.992780 3.361200
3.991546 3.367471
3.990388 3.373670
3.989309 3.379791
3.988310 3.385831
3.987396 3.391785
3.986568 3.397648
3.985830 3.403417
3.985184 3.409087
3.984633 3.414654
3.984180 3.420113
3.983828 3.425460
3.983579 3.430690
3.983437 3.435800
3.983404 3.440785
3.983483 3.445641
3.983676 3.450363
3.983988 3.454947
3.984419 3.459388
3.984974 3.463683
3.985654 3.467827
3.986463 3.471815
3.987404 3.475644
3.988479 3.479308
3.989691 3.482804
3.991043 3.486127
3.992538 3.489274
3.994178 3.492238
3.995967 3.495017
3.997906 3.497606
4.000000 3.500000
4.002249 3.502197
4.004652 3.504198
4.007206 3.506007
4.009907 3.507628
4.012754 3.509063
4.015741 3.510316
4.018868 3.511391
4.022130 3.512290
4.025525 3.513018
4.029049 3.513578
4.032700 3.513973
4.036475 3.514206
4.040370 3.514281
4.044384 3.514201
4.048511 3.513969
4.052751 3.513590
4.057099 3.513066
4.061552 3.512401
4.066109 3.511598
4.070764 3.510660
4.075517 3.509592
4.080363 3.508395
4.085300 3.507075
4.090324 3.505633
4.095433 3.504074
4.100624 3.502401
4.105893 3.500617
4.111238 3.498726
4.116655 3.496730
4.122142 3.494634
4.127696 3.492441
4.133313 3.490154
4.138990 3.487777
4.144726 3.485313
4.150515 3.482765
4.156357 3.480136
4.162247 3.477431
4.168182 3.474653
4.174160 3.471804
4.180178 3.468888
4.186232 3.465910
4.192320 3.462871
4.198438 3.459776
4.204584 3.456627
4.210754 3.453429
4.216946 3.450184
4.223156 3.446897
4.229382 3.443570
4.235621 3.440206
4.241868 3.436810
4.248123 3.433384
4.254381 3.429932
4.260639 3.426458
4.266895 3.422964
4.273145 3.419454
4.279387 3.415932
4.285618 3.412401
4.291833 3.408864
4.298032 3.405325
4.304209 3.401786
4.310364 3.398253
4.316491 3.394727
4.322589 3.391212
4.328655 3.387711
4.334685 3.384229
4.340677 3.380768
4.346627 3.377332
4.352532 3.373924
4.358390 3.370548
4.364197 3.367206
4.369951 3.363903
4.375648 3.360641
4.381285 3.357425
4.386860 3.354257
4.392370 3.351141
4.397810 3.348080
4.403179 3.345077
4.408474 3.342137
4.413691 3.339262
4.418827 3.336456
4.423880 3.333722
4.428846 3.331064
4.433723 3.328485
4.438506 3.325988
4.443195 3.323577
4.447784 3.321255
4.452272 3.319025
4.456655 3.316891
4.460931 3.314857
4.465096 3.312925
4.469148 3.311099
4.473082 3.309383
4.476897 3.307780
4.480590 3.306293
4.484156 3.304925
4.487595 3.303680
4.490901 3.302562
4.494073 3.301574
4.497107 3.300719
4.500000 3.300000
4.502751 3.299420
4.505360 3.298979
4.507831 3.298676
4.510166 3.298507
4.512368 3.298474
4.514440 3.298573
4.516383 3.298803
4.518201 3.299164
4.519896 3.299653
4.521472 3.300269
4.522929 3.301012
4.524272 3.301879
4.525502 3.302869
4.526623 3.303980
4.527637 3.305212
4.528546 3.306562
4.529354 3.308030
4.530062 3.309614
4.530674 3.311313
4.531192 3.313124
4.531618 3.315048
4.531956 3.317081
4.532207 3.319224
4.532376 3.321475
4.532463 3.323831
4.532472 3.326292
4.532405 3.328857
4.532266 3.331523
4.532056 3.334290
4.531778 3.337156
4.531435 3.340119
4.531029 3.343179
4.530564 3.346334
4.530041 3.349582
4.529463 3.352923
4.528834 3.356353
4.528155 3.359874
4.527429 3.363482
4.526659 3.367176
4.525847 3.370955
4.524997 3.374818
4.524110 3.378763
4.523189 3.382789
4.522237 3.386895
4.521256 3.391078
4.520250 3.395338
4.519220 3.399673
4.518170 3.404081
4.517102 3.408562
4.516018 3.413114
4.514921 3.417736
4.513814 3.422425
4.512700 3.427182
4.511581 3.432003
4.510459 3.436888
4.509338 3.441836
4.508219 3.446845
4.507106 3.451914
4.506001 3.457041
4.504907 3.462224
4.503826 3.467463
4.502761 3.472756
4.501715 3.478102
4.500690 3.483499
4.499689 3.488946
4.498714 3.494441
4.497769 3.499983
4.496855 3.505570
4.495975 3.511202
4.495132 3.516876
4.494329 3.522592
4.493568 3.528348
4.492852 3.534142
4.492183 3.539973
4.491564 3.545841
4.490998 3.551742
4.490487 3.557676
4.490033 3.563642
4.489641 3.569638
4.489311 3.575662
4.489047 3.581714
4.488852 3.587791
4.488727 3.593893
4.488676 3.600018
4.488701 3.606165
4.488805 3.612332
4.488990 3.618517
4.489260 3.624720
4.489616 3.630939
4.490061 3.637173
4.490598 3.643420
4.491230 3.649678
4.491959 3.655947
4.492788 3.662225
4.493718 3.668510
4.494754 3.674801
4.495898 3.681097
4.497152 3.687397
4.498518 3.693698
4.500000 3.700000
4.501599 3.706301
4.503314 3.712600
4.505141 3.718895
4.507078 3.725185
4.509123 3.731468
4.511273 3.737744
4.513524 3.744011
4.515875 3.750268
4.518323 3.756512
4.520864 3.762744
4.523498 3.768961
4.526219 3.775163
4.529027 3.781347
4.531919 3.787513
4.534891 3.793659
4.537941 3.799783
4.541066 3.805886
4.544265 3.811964
4.547533 3.818017
4.550869 3.824043
4.554269 3.830041
4.557732 3.836010
4.561254 3.841948
4.564833 3.847854
4.568465 3.853727
4.572150 3.859565
4.575883 3.865367
4.579662 3.871132
4.583484 3.876857
4.587347 3.882543
4.591248 3.888187
4.595185 3.893788
4.599154 3.899345
4.603154 3.904856
4.607181 3.910320
4.611232 3.915736
4.615306 3.921103
4.619399 3.926418
4.623509 3.931681
4.627633 3.936890
4.631768 3.942045
4.635912 3.947143
4.640063 3.952183
4.644216 3.957164
4.648371 3.962084
4.652523 3.966943
4.656671 3.971739
4.660811 3.976470
4.664942 3.981135
4.669060 3.985733
4.673163 3.990262
4.677248 3.994722
4.681312 3.999110
4.685353 4.003425
4.689369 4.007667
4.693355 4.011833
4.697311 4.015922
4.701232 4.019934
4.705117 4.023866
4.708963 4.027717
4.712766 4.031486
4.716526 4.035171
4.720237 4.038772
4.723899 4.042287
4.727509 4.045714
4.731063 4.049052
4.734559 4.052300
4.737995 4.055456
4.741368 4.058520
4.744674 4.061489
4.747912 4.064362
4.751079 4.067139
4.754172 4.069817
4.757188 4.072395
4.760125 4.074872
4.762980 4.077247
4.765751 4.079518
4.768434 4.081684
4.771027 4.083744
4.773528 4.085695
4.775934 4.087538
4.778242 4.089270
4.780449 4.090890
4.782553 4.092397
4.784551 4.093789
4.786440 4.095065
4.788218 4.096224
4.789883 4.097264
4.791430 4.098185
4.792859 4.098984
4.794166 4.099660
4.795348 4.100212
4.796402 4.100639
4.797327 4.100939
4.798120 4.101110
4.798777 4.101153
4.799296 4.101064
4.799675 4.100843
4.799910 4.100489
4.800000 4.100000
4.799942 4.099375
4.799738 4.098616
4.799391 4.097725
4.798903 4.096703
4.798277 4.095554
4.797516 4.094278
4.796622 4.092878
4.795598 4.091356
4.794447 4.089714
4.793171 4.087954
4.791773 4.086078
4.790255 4.084088
4.788621 4.081985
4.786872 4.079773
4.785012 4.077453
4.783044 4.075027
4.780969 4.072497
4.778790 4.069866
4.776511 4.067134
4.774133 4.064304
4.771660 4.061379
4.769093 4.058360
4.766437 4.055249
4.763692 4.052049
4.760863 4.048760
4.757951 4.045386
4.754960 4.041929
4.751892 4.038389
4.748749 4.034770
4.745534 4.031074
4.742250 4.027301
4.738900 4.023455
4.735485 4.019538
4.732010 4.015551
4.728476 4.011497
4.724886 4.007377
4.721243 4.003193
4.717550 3.998949
4.713808 3.994644
4.710021 3.990283
4.706191 3.985866
4.702322 3.981395
4.698415 3.976874
4.694473 3.972303
4.690499 3.967684
4.686496 3.963021
4.682466 3.958314
4.678411 3.953566
4.674336 3.948778
4.670241 3.943954
4.666131 3.939094
4.662006 3.934202
4.657871 3.929278
4.653728 3.924325
4.649579 3.919345
4.645427 3.914339
4.641275 3.909311
4.637125 3.904262
4.632980 3.899194
4.628842 3.894109
4.624715 3.889009
4.620601 3.883896
4.616503 3.878772
4.612422 3.873639
4.608363 3.868499
4.604327 3.863355
4.600317 3.858208
4.596336 3.853060
4.592387 3.847913
4.588471 3.842769
4.584593 3.837631
4.580754 3.832500
4.576956 3.827378
4.573204 3.822268
4.569499 3.817171
4.565844 3.812089
4.562241 3.807025
4.558694 3.801980
4.555205 3.796956
4.551776 3.791957
4.548410 3.786982
4.545111 3.782035
4.541880 3.777118
4.538720 3.772232
4.535634 3.767380
4.532624 3.762563
4.529693 3.757784
4.526845 3.753045
4.524080 3.748347
4.521403 3.743693
4.518815 3.739085
4.516320 3.734524
4.513920 3.730013
4.511617 3.725554
4.509415 3.721149
4.507315 3.716799
4.505322 3.712508
4.503436 3.708276
4.501661 3.704106
4.500000 3.700000
4.498454 3.695960
4.497023 3.691985
4.495706 3.688076
4.494501 3.684232
4.493407 3.680454
4.492422 3.676742
4.491546 3.673094
4.490776 3.669511
4.490112 3.665993
4.489553 3.662540
4.489096 3.659152
4.488741 3.655828
4.488486 3.652568
4.488330 3.649372
4.488272 3.646241
4.488310 3.643173
4.488443 3.640169
4.488670 3.637229
4.488989 3.634352
4.489399 3.631539
4.489899 3.628789
4.490488 3.626102
4.491163 3.623478
4.491924 3.620917
4.492770 3.618419
4.493698 3.615983
4.494709 3.613610
4.495800 3.611299
4.496970 3.609050
4.498217 3.606863
4.499542 3.604738
4.500941 3.602675
4.502414 3.600674
4.503960 3.598734
4.505577 3.596855
4.507264 3.595038
4.509019 3.593282
4.510842 3.591586
4.512730 3.589952
4.514683 3.588378
4.516700 3.586865
4.518778 3.585413
4.520917 3.584020
4.523115 3.582688
4.525371 3.581416
4.527684 3.580204
4.530052 3.579051
4.532474 3.577959
4.534949 3.576925
4.537475 3.575951
4.540051 3.575037
4.542675 3.574181
4.545348 3.573384
4.548066 3.572647
4.550829 3.571968
4.553635 3.571347
4.556483 3.570785
4.559373 3.570281
4.562301 3.569836
4.565268 3.569448
4.568271 3.569118
4.571310 3.568847
4.574383 3.568632
4.577489 3.568476
4.580627 3.568376
4.583794 3.568334
4.586991 3.568349
4.590215 3.568421
4.593465 3.568550
4.596740 3.568735
4.600039 3.568977
4.603360 3.569275
4.606701 3.569630
4.610063 3.570041
4.613442 3.570508
4.616839 3.571031
4.620251 3.571609
4.623678 3.572244
4.627117 3.572933
4.630568 3.573678
4.634030 3.574479
4.637500 3.575334
4.640978 3.576245
4.644463 3.577210
4.647952 3.578230
4.651446 3.579304
4.654941 3.580433
4.658438 3.581616
4.661934 3.582853
4.665429 3.584145
4.668921 3.585490
4.672409 3.586889
4.675891 3.588342
4.679366 3.589848
4.682834 3.591407
4.686291 3.593020
4.689738 3.594686
4.693173 3.596404
4.696594 3.598176
4.700000 3.600000
4.703390 3.601877
4.706763 3.603807
4.710119 3.605789
4.713455 3.607826
4.716771 3.609916
4.720066 3.612060
4.723339 3.614259
4.726590 3.616513
4.729817 3.618821
4.733019 3.621185
4.736195 3.623605
4.739345 3.626080
4.742467 3.628612
4.745561 3.631201
4.748625 3.633846
4.751659 3.636549
4.754661 3.639309
4.757631 3.642128
4.760567 3.645004
4.763469 3.647939
4.766337 3.650932
4.769167 3.653985
4.771961 3.657097
4.774717 3.660269
4.777433 3.663502
4.780110 3.666794
4.782745 3.670147
4.785339 3.673561
4.787890 3.677037
4.790397 3.680574
4.792859 3.684173
4.795275 3.687834
4.797645 3.691558
4.799967 3.695345
4.802240 3.699195
4.804464 3.703108
4.806638 3.707086
4.808760 3.711127
4.810829 3.715233
4.812845 3.719404
4.814807 3.723639
4.816713 3.727940
4.818564 3.732307
4.820357 3.736740
4.822092 3.741239
4.823767 3.745805
4.825383 3.750438
4.826938 3.755138
4.828430 3.759905
4.829860 3.764741
4.831226 3.769645
4.832527 3.774617
4.833762 3.779658
4.834931 3.784768
4.836031 3.789948
4.837063 3.795197
4.838026 3.800517
4.838918 3.805907
4.839738 3.811367
4.840486 3.816899
4.841161 3.822502
4.841761 3.828177
4.842285 3.833923
4.842734 3.839742
4.843105 3.845634
4.843398 3.851598
4.843612 3.857636
4.843745 3.863747
4.843798 3.869932
4.843768 3.876191
4.843656 3.882524
4.843459 3.888933
4.843178 3.895416
4.842811 3.901975
4.842357 3.908610
4.841815 3.915320
4.841185 3.922107
4.840464 3.928971
4.839654 3.935912
4.838751 3.942930
4.837756 3.950025
4.836668 3.957199
4.835485 3.964450
4.834207 3.971780
4.832832 3.979189
4.831360 3.986678
4.829790 3.994245
4.828121 4.001893
4.826351 4.009620
4.824480 4.017428
4.822507 4.025317
4.820432 4.033287
4.818252 4.041338
4.815967 4.049471
4.813576 4.057685
4.811078 4.065983
4.808473 4.074362
4.805759 4.082825
4.802935 4.091371
4.800000 4.100000
4.796954 4.108713
4.793800 4.117506
4.790539 4.126375
4.787175 4.135318
4.783710 4.144331
4.780147 4.153410
4.776489 4.162552
4.772739 4.171753
4.768899 4.181010
4.764972 4.190319
4.760961 4.199677
4.756868 4.209080
4.752696 4.218524
4.748449 4.228007
4.744128 4.237524
4.739737 4.247072
4.735278 4.256648
4.730754 4.266248
4.726168 4.275868
4.721523 4.285506
4.716820 4.295157
4.712064 4.304818
4.707256 4.314485
4.702400 4.324155
4.697498 4.333825
4.692552 4.343491
4.687567 4.353148
4.682544 4.362795
4.677486 4.372427
4.672396 4.382041
4.667277 4.391634
4.662131 4.401201
4.656961 4.410739
4.651770 4.420245
4.646561 4.429716
4.641336 4.439147
4.636099 4.448535
4.630851 4.457877
4.625596 4.467169
4.620336 4.476407
4.615074 4.485589
4.609813 4.494711
4.604556 4.503768
4.599305 4.512758
4.594063 4.521677
4.588833 4.530522
4.583617 4.539288
4.578419 4.547974
4.573241 4.556574
4.568085 4.565085
4.562955 4.573505
4.557854 4.581828
4.552783 4.590053
4.547746 4.598175
4.542746 4.606191
4.537785 4.614098
4.532866 4.621891
4.527991 4.629567
4.523164 4.637124
4.518388 4.644556
4.513664 4.651861
4.508996 4.659036
4.504387 4.666076
4.499838 4.672978
4.495354 4.679739
4.490936 4.686356
4.486588 4.692823
4.482312 4.699139
4.478110 4.705300
4.473987 4.711302
4.469944 4.717141
4.465984 4.722814
4.462110 4.728318
4.458324 4.733648
4.454630 4.738803
4.451030 4.743777
4.447527 4.748568
4.444124 4.753171
4.440822 4.757584
4.437626 4.761803
4.434538 4.765824
4.431561 4.769644
4.428696 4.773260
4.425948 4.776667
4.423319 4.779863
4.420811 4.782843
4.418427 4.785605
4.416171 4.788144
4.414044 4.790458
4.412050 4.792542
4.410191 4.794394
4.408470 4.796009
4.406890 4.797384
4.405453 4.798516
4.404162 4.799401
4.403021 4.800036
4.402031 4.800417
4.401196 4.800540
4.400518 4.800402
4.400000 4.800000
4.399644 4.799331
4.399448 4.798398
4.399411 4.797206
4.399529 4.795758
4.399802 4.794059
4.400226 4.792113
4.400799 4.789923
4.401520 4.787495
4.402386 4.784832
4.403394 4.781938
4.404543 4.778818
4.405830 4.775476
4.407253 4.771916
4.408810 4.768142
4.410499 4.764158
4.412317 4.759968
4.414263 4.755577
4.416333 4.750989
4.418526 4.746208
4.420840 4.741238
4.423272 4.736083
4.425820 4.730747
4.428482 4.725235
4.431256 4.719551
4.434139 4.713699
4.437129 4.707682
4.440225 4.701506
4.443423 4.695174
4.446722 4.688691
4.450119 4.682060
4.453612 4.675287
4.457199 4.668374
4.460878 4.661326
4.464646 4.654148
4.468502 4.646843
4.472443 4.639416
4.476466 4.631870
4.480570 4.624211
4.484753 4.616442
4.489011 4.608567
4.493344 4.600590
4.497748 4.592516
4.502222 4.584349
4.506763 4.576093
4.511370 4.567752
4.516039 4.559330
4.520768 4.550832
4.525557 4.542261
4.530401 4.533622
4.535299 4.524919
4.540249 4.516156
4.545249 4.507337
4.550296 4.498466
4.555388 4.489548
4.560523 4.480587
4.565698 4.471587
4.570912 4.462551
4.576163 4.453485
4.581447 4.444392
4.586763 4.435277
4.592109 4.426143
4.597482 4.416996
4.602880 4.407838
4.608301 4.398674
4.613742 4.389509
4.619203 4.380346
4.624679 4.371190
4.630170 4.362045
4.635672 4.352914
4.641184 4.343803
4.646703 4.334715
4.652228 4.325654
4.657755 4.316626
4.663283 4.307632
4.668810 4.298679
4.674333 4.289770
4.679850 4.280909
4.685359 4.272101
4.690857 4.263349
4.696343 4.254658
4.701814 4.246032
4.707268 4.237475
4.712703 4.228991
4.718116 4.220584
4.723506 4.212259
4.728870 4.204020
4.734205 4.195871
4.739511 4.187815
4.744783 4.179858
4.750021 4.172003
4.755222 4.164255
4.760384 4.156617
4.765504 4.149095
4.770581 4.141691
4.775612 4.134410
4.780595 4.127257
4.785527 4.120235
4.790407 4.113349
4.795232 4.106602
4.800000 4.100000
4.804709 4.093545
4.809360 4.087237
4.813954 4.081074
4.818490 4.075057
4.822970 4.069183
4.827395 4.063451
4.831764 4.057861
4.836080 4.052412
4.840342 4.047101
4.844552 4.041928
4.848710 4.036892
4.852816 4.031992
4.856873 4.027227
4.860879 4.022595
4.864837 4.018095
4.868747 4.013727
4.872609 4.009488
4.876424 4.005379
4.880193 4.001397
4.883917 3.997543
4.887597 3.993814
4.891233 3.990209
4.894825 3.986727
4.898375 3.983368
4.901884 3.980130
4.905352 3.977012
4.908779 3.974013
4.912168 3.971132
4.915517 3.968367
4.918829 3.965717
4.922103 3.963182
4.925341 3.960760
4.928543 3.958450
4.931710 3.956251
4.934843 3.954162
4.937942 3.952182
4.941009 3.950309
4.944043 3.948543
4.947046 3.946882
4.950018 3.945325
4.952961 3.943871
4.955874 3.942520
4.958759 3.941269
4.961616 3.940117
4.964446 3.939065
4.967250 3.938109
4.970028 3.937251
4.972782 3.936487
4.975512 3.935817
4.978218 3.935240
4.980902 3.934755
4.983564 3.934361
4.986204 3.934056
4.988825 3.933840
4.991426 3.933711
4.994007 3.933668
4.996571 3.933711
4.999117 3.933837
5.001647 3.934046
5.004160 3.934336
5.006659 3.934707
5.009142 3.935158
5.011612 3.935687
5.014069 3.936293
5.016514 3.936975
5.018947 3.937732
5.021369 3.938563
5.023781 3.939466
5.026183 3.940441
5.028577 3.941487
5.030963 3.942601
5.033342 3.943784
5.035715 3.945034
5.038081 3.946350
5.040443 3.947730
5.042800 3.949174
5.045154 3.950681
5.047505 3.952249
5.049854 3.953877
5.052202 3.955565
5.054549 3.957310
5.056896 3.959113
5.059244 3.960971
5.061593 3.962884
5.063945 3.964850
5.066300 3.966869
5.068659 3.968939
5.071022 3.971059
5.073391 3.973228
5.075765 3.975445
5.078146 3.977709
5.080535 3.980018
5.082932 3.982372
5.085337 3.984769
5.087753 3.987208
5.090179 3.989689
5.092615 3.992210
5.095064 3.994769
5.097525 3.997366
5.100000 4.000000
5.102488 4.002669
5.104990 4.005374
5.107504 4.008114
5.110031 4.010888
5.112568 4.013697
5.115116 4.016540
5.117674 4.019417
5.120240 4.022328
5.122816 4.025272
5.125398 4.028249
5.127988 4.031259
5.130584 4.034302
5.133185 4.037378
5.135792 4.040485
5.138402 4.043625
5.141016 4.046796
5.143632 4.049998
5.146251 4.053232
5.148870 4.056496
5.151490 4.059791
5.154110 4.063117
5.156730 4.066472
5.159347 4.069858
5.161962 4.073273
5.164575 4.076717
5.167183 4.080191
5.169787 4.083693
5.172386 4.087224
5.174980 4.090784
5.177566 4.094371
5.180146 4.097986
5.182717 4.101629
5.185280 4.105299
5.187833 4.108996
5.190376 4.112720
5.192909 4.116470
5.195429 4.120247
5.197938 4.124050
5.200434 4.127878
5.202916 4.131732
5.205383 4.135612
5.207836 4.139516
5.210273 4.143445
5.212693 4.147399
5.215096 4.151376
5.217481 4.155378
5.219848 4.159404
5.222195 4.163453
5.224522 4.167525
5.226829 4.171620
5.229114 4.175738
5.231377 4.179878
5.233617 4.184041
5.235833 4.188225
5.238025 4.192431
5.240192 4.196659
5.242333 4.200907
5.244448 4.205177
5.246536 4.209467
5.248596 4.213778
5.250627 4.218109
5.252629 4.222459
5.254601 4.226830
5.256543 4.231220
5.258453 4.235628
5.260330 4.240056
5.262175 4.244502
5.263987 4.248967
5.265764 4.253450
5.267506 4.257951
5.269213 4.262469
5.270883 4.267004
5.272516 4.271557
5.274112 4.276127
5.275669 4.280713
5.277186 4.285315
5.278664 4.289933
5.280101 4.294568
5.281497 4.299217
5.282851 4.303882
5.284162 4.308562
5.285429 4.313257
5.286652 4.317967
5.287831 4.322690
5.288963 4.327428
5.290050 4.332179
5.291089 4.336944
5.292081 4.341722
5.293024 4.346513
5.293919 4.351317
5.294763 4.356134
5.295556 4.360962
5.296299 4.365803
5.296989 4.370655
5.297627 4.375519
5.298211 4.380394
5.298741 4.385279
5.299217 4.390176
5.299636 4.395083
5.300000 4.400000
5.300307 4.404927
5.300558 4.409862
5.300753 4.414804
5.300895 4.419752
5.300983 4.424704
5.301018 4.429659
5.301002 4.434615
5.300936 4.439571
5.300820 4.444525
5.300655 4.449475
5.300442 4.454422
5.300182 4.459362
5.299876 4.464295
5.299525 4.469218
5.299130 4.474132
5.298691 4.479033
5.298210 4.483922
5.297687 4.488795
5.297124 4.493652
5.296521 4.498492
5.295879 4.503313
5.295199 4.508113
5.294483 4.512891
5.293730 4.517645
5.292942 4.522375
5.292120 4.527078
5.291264 4.531754
5.290376 4.536400
5.289457 4.541015
5.288506 4.545599
5.287526 4.550149
5.286518 4.554663
5.285481 4.559142
5.284417 4.563582
5.283327 4.567983
5.282213 4.572343
5.281073 4.576660
5.279911 4.580934
5.278726 4.585163
5.277519 4.589345
5.276292 4.593479
5.275045 4.597563
5.273779 4.601597
5.272495 4.605577
5.271194 4.609504
5.269877 4.613376
5.268545 4.617191
5.267198 4.620947
5.265839 4.624644
5.264466 4.628280
5.263082 4.631853
5.261688 4.635361
5.260283 4.638805
5.258870 4.642181
5.257449 4.645489
5.256021 4.648727
5.254587 4.651894
5.253147 4.654988
5.251704 4.658008
5.250256 4.660952
5.248807 4.663819
5.247355 4.666607
5.245903 4.669315
5.244452 4.671942
5.243001 4.674486
5.241553 4.676946
5.240107 4.679319
5.238665 4.681606
5.237228 4.683803
5.235797 4.685911
5.234372 4.687927
5.232955 4.689849
5.231546 4.691678
5.230147 4.693410
5.228757 4.695045
5.227379 4.696580
5.226013 4.698016
5.224660 4.699350
5.223320 4.700580
5.221996 4.701706
5.220687 4.702725
5.219395 4.703637
5.218120 4.704440
5.216863 4.705133
5.215626 4.705713
5.214409 4.706181
5.213213 4.706533
5.212039 4.706769
5.210888 4.706887
5.209761 4.706886
5.208659 4.706764
5.207582 4.706520
5.206532 4.706153
5.205509 4.705661
5.204514 4.705042
5.203549 4.704295
5.202615 4.703419
5.201711 4.702412
5.200839 4.701273
5.200000 4.700000
5.199195 4.698593
5.198423 4.697053
5.197686 4.695385
5.196983 4.693590
5.196314 4.691673
5.195679 4.689636
5.195078 4.687482
5.194512 4.685214
5.193980 4.682835
5.193483 4.680349
5.193020 4.677758
5.192592 4.675066
5.192199 4.672275
5.191840 4.669389
5.191517 4.666411
5.191228 4.663343
5.190975 4.660189
5.190757 4.656952
5.190574 4.653635
5.190426 4.650241
5.190314 4.646772
5.190237 4.643233
5.190195 4.639626
5.190190 4.635954
5.190220 4.632221
5.190286 4.628429
5.190387 4.624581
5.190525 4.620680
5.190699 4.616730
5.190908 4.612734
5.191154 4.608694
5.191436 4.604614
5.191755 4.600496
5.192110 4.596345
5.192501 4.592162
5.192929 4.587951
5.193394 4.583715
5.193895 4.579457
5.194434 4.575180
5.195009 4.570888
5.195621 4.566582
5.196270 4.562267
5.196956 4.557945
5.197680 4.553620
5.198440 4.549294
5.199238 4.544970
5.200074 4.540652
5.200947 4.536342
5.201858 4.532045
5.202806 4.527762
5.203792 4.523496
5.204816 4.519252
5.205878 4.515032
5.206978 4.510838
5.208116 4.506675
5.209292 4.502544
5.210506 4.498450
5.211758 4.494395
5.213049 4.490382
5.214379 4.486415
5.215747 4.482495
5.217153 4.478628
5.218599 4.474815
5.220083 4.471059
5.221606 4.467364
5.223167 4.463733
5.224768 4.460168
5.226408 4.456674
5.228087 4.453252
5.229806 4.449906
5.231564 4.446639
5.233361 4.443454
5.235197 4.440354
5.237073 4.437342
5.238989 4.434422
5.240945 4.431595
5.242940 4.428866
5.244975 4.426238
5.247051 4.423713
5.249166 4.421294
5.251321 4.418985
5.253517 4.416789
5.255753 4.414708
5.258029 4.412746
5.260345 4.410906
5.262703 4.409191
5.265100 4.407603
5.267539 4.406147
5.270018 4.404825
5.272538 4.403639
5.275099 4.402594
5.277700 4.401692
5.280343 4.400937
5.283027 4.400330
5.285753 4.399876
5.288519 4.399578
5.291327 4.399438
5.294177 4.399460
5.297067 4.399646
5.300000 4.400000
5.302974 4.400524
5.305989 4.401216
5.309042 4.402074
5.312134 4.403096
5.315263 4.404279
5.318427 4.405621
5.321625 4.407119
5.324857 4.408771
5.328120 4.410575
5.331415 4.412528
5.334738 4.414628
5.338090 4.416873
5.341469 4.419259
5.344874 4.421786
5.348303 4.424450
5.351756 4.427248
5.355231 4.430180
5.358726 4.433241
5.362242 4.436431
5.365776 4.439745
5.369327 4.443183
5.372894 4.446741
5.376476 4.450418
5.380071 4.454211
5.383679 4.458117
5.387298 4.462134
5.390927 4.466260
5.394564 4.470492
5.398209 4.474828
5.401860 4.479266
5.405517 4.483803
5.409177 4.488436
5.412839 4.493164
5.416503 4.497985
5.420167 4.502894
5.423830 4.507891
5.427491 4.512973
5.431148 4.518137
5.434800 4.523382
5.438446 4.528704
5.442085 4.534101
5.445716 4.539572
5.449337 4.545113
5.452947 4.550722
5.456544 4.556397
5.460129 4.562135
5.463699 4.567934
5.467253 4.573792
5.470791 4.579706
5.474310 4.585674
5.477809 4.591693
5.481288 4.597762
5.484745 4.603877
5.488179 4.610036
5.491589 4.616238
5.494973 4.622479
5.498330 4.628757
5.501659 4.635070
5.504959 4.641415
5.508228 4.647790
5.511466 4.654193
5.514671 4.660621
5.517842 4.667072
5.520978 4.673543
5.524076 4.680032
5.527138 4.686537
5.530160 4.693056
5.533142 4.699585
5.536082 4.706122
5.538980 4.712666
5.541834 4.719214
5.544642 4.725763
5.547405 4.732311
5.550119 4.738855
5.552785 4.745394
5.555401 4.751925
5.557966 4.758445
5.560478 4.764952
5.562937 4.771443
5.565341 4.777917
5.567688 4.784371
5.569978 4.790802
5.572210 4.797209
5.574382 4.803588
5.576493 4.809938
5.578541 4.816255
5.580526 4.822538
5.582446 4.828785
5.584301 4.834992
5.586088 4.841157
5.587807 4.847279
5.589457 4.853354
5.591035 4.859380
5.592542 4.865355
5.593975 4.871277
5.595334 4.877143
5.596617 4.882951
5.597823 4.888698
5.598951 4.894382
5.600000 4.900000
5.600969 4.905551
5.601858 4.911034
5.602669 4.916449
5.603403 4.921796
5.604061 4.927074
5.604645 4.932284
5.605155 4.937426
5.605594 4.942499
5.605961 4.947503
5.606259 4.952438
5.606488 4.957305
5.606650 4.962102
5.606746 4.966830
5.606777 4.971489
5.606745 4.976078
5.606650 4.980598
5.606494 4.985048
5.606278 4.989428
5.606004 4.993738
5.605671 4.997978
5.605283 5.002148
5.604839 5.006248
5.604341 5.010277
5.603791 5.014236
5.603189 5.018125
5.602537 5.021942
5.601836 5.025689
5.601087 5.029365
5.600291 5.032969
5.599450 5.036503
5.598565 5.039965
5.597636 5.043356
5.596666 5.046675
5.595655 5.049923
5.594605 5.053098
5.593517 5.056202
5.592392 5.059234
5.591231 5.062194
5.590036 5.065081
5.588807 5.067896
5.587546 5.070639
5.586255 5.073309
5.584933 5.075907
5.583584 5.078431
5.582207 5.080883
5.580804 5.083261
5.579376 5.085567
5.577924 5.087799
5.576451 5.089958
5.574956 5.092043
5.573441 5.094054
5.571907 5.095992
5.570356 5.097856
5.568788 5.099646
5.567205 5.101362
5.565609 5.103004
5.563999 5.104571
5.562379 5.106064
5.560748 5.107482
5.559107 5.108826
5.557459 5.110095
5.555805 5.111288
5.554145 5.112407
5.552481 5.113451
5.550814 5.114420
5.549145 5.115313
5.547475 5.116130
5.545806 5.116872
5.544139 5.117539
5.542475 5.118129
5.540816 5.118644
5.539162 5.119082
5.537514 5.119444
5.535875 5.119730
5.534244 5.119940
5.532624 5.120072
5.531016 5.120129
5.529420 5.120108
5.527838 5.120011
5.526272 5.119837
5.524722 5.119585
5.523189 5.119256
5.521676 5.118850
5.520182 5.118367
5.518710 5.117806
5.517260 5.117167
5.515834 5.116450
5.514432 5.115656
5.513057 5.114783
5.511709 5.113832
5.510390 5.112803
5.509100 5.111696
5.507842 5.110510
5.506615 5.109245
5.505422 5.107902
5.504264 5.106480
5.503141 5.104979
5.502055 5.103398
5.501008 5.101739
5.500000 5.100000
5.499032 5.098182
5.498106 5.096287
5.497219 5.094317
5.496374 5.092274
5.495569 5.090161
5.494804 5.087980
5.494080 5.085733
5.493396 5.083422
5.492753 5.081049
5.492150 5.078618
5.491588 5.076129
5.491066 5.073586
5.490584 5.070991
5.490143 5.068345
5.489741 5.065651
5.489381 5.062912
5.489060 5.060129
5.488780 5.057305
5.488539 5.054442
5.488339 5.051542
5.488179 5.048608
5.488059 5.045642
5.487979 5.042645
5.487940 5.039621
5.487940 5.036572
5.487980 5.033500
5.488060 5.030406
5.488180 5.027294
5.488340 5.024165
5.488540 5.021023
5.488780 5.017868
5.489059 5.014704
5.489378 5.011532
5.489737 5.008355
5.490136 5.005175
5.490575 5.001994
5.491053 4.998815
5.491571 4.995640
5.492128 4.992471
5.492725 4.989310
5.493362 4.986160
5.494038 4.983022
5.494754 4.979900
5.495509 4.976795
5.496304 4.973710
5.497138 4.970646
5.498011 4.967607
5.498924 4.964593
5.499877 4.961609
5.500868 4.958655
5.501899 4.955734
5.502969 4.952849
5.504079 4.950001
5.505228 4.947193
5.506415 4.944427
5.507643 4.941705
5.508909 4.939030
5.510214 4.936404
5.511558 4.933829
5.512942 4.931307
5.514364 4.928841
5.515826 4.926433
5.517326 4.924084
5.518866 4.921798
5.520444 4.919577
5.522061 4.917422
5.523718 4.915337
5.525413 4.913323
5.527146 4.911382
5.528919 4.909518
5.530730 4.907731
5.532580 4.906025
5.534469 4.904401
5.536397 4.902862
5.538363 4.901410
5.540368 4.900048
5.542411 4.898777
5.544493 4.897600
5.546613 4.896519
5.548772 4.895536
5.550970 4.894654
5.553206 4.893875
5.555480 4.893201
5.557793 4.892634
5.560144 4.892177
5.562534 4.891832
5.564962 4.891600
5.567428 4.891485
5.569932 4.891489
5.572475 4.891614
5.575056 4.891861
5.577675 4.892234
5.580332 4.892735
5.583028 4.893365
5.585761 4.894128
5.588533 4.895024
5.591343 4.896058
5.594191 4.897230
5.597076 4.898543
5.600000 4.900000
5.602961 4.901602
5.605960 4.903346
5.608994 4.905232
5.612063 4.907257
5.615165 4.909418
5.618300 4.911713
5.621466 4.914140
5.624662 4.916697
5.627887 4.919381
5.631141 4.922190
5.634421 4.925122
5.637727 4.928174
5.641058 4.931344
5.644412 4.934631
5.647789 4.938030
5.651187 4.941542
5.654606 4.945162
5.658044 4.948889
5.661499 4.952720
5.664972 4.956654
5.668461 4.960687
5.671964 4.964818
5.675481 4.969045
5.679011 4.973364
5.682552 4.977774
5.686103 4.982273
5.689664 4.986858
5.693233 4.991527
5.696809 4.996277
5.700391 5.001107
5.703977 5.006013
5.707568 5.010995
5.711160 5.016049
5.714755 5.021173
5.718350 5.026365
5.721944 5.031622
5.725536 5.036943
5.729126 5.042325
5.732711 5.047766
5.736292 5.053263
5.739866 5.058814
5.743433 5.064418
5.746991 5.070070
5.750540 5.075771
5.754078 5.081516
5.757605 5.087304
5.761118 5.093132
5.764618 5.098999
5.768103 5.104902
5.771571 5.110838
5.775022 5.116805
5.778455 5.122802
5.781869 5.128825
5.785262 5.134873
5.788633 5.140943
5.791981 5.147033
5.795306 5.153140
5.798605 5.159263
5.801879 5.165399
5.805125 5.171545
5.808343 5.177700
5.811532 5.183862
5.814690 5.190027
5.817816 5.196194
5.820910 5.202360
5.823970 5.208523
5.826995 5.214681
5.829984 5.220831
5.832935 5.226972
5.835849 5.233101
5.838723 5.239215
5.841557 5.245312
5.844349 5.251391
5.847099 5.257448
5.849805 5.263482
5.852466 5.269490
5.855081 5.275470
5.857649 5.281420
5.860168 5.287336
5.862639 5.293218
5.865059 5.299063
5.867428 5.304868
5.869744 5.310632
5.872006 5.316351
5.874214 5.322024
5.876365 5.327648
5.878460 5.333222
5.880496 5.338742
5.882474 5.344206
5.884391 5.349613
5.886246 5.354960
5.888039 5.360244
5.889769 5.365464
5.891433 5.370617
5.893032 5.375700
5.894564 5.380713
5.896028 5.385651
5.897423 5.390513
5.898747 5.395297
5.900000 5.400000
5.901181 5.404620
5.902292 5.409157
5.903334 5.413609
5.904310 5.417975
5.905222 5.422255
5.906071 5.426447
5.906861 5.430551
5.907592 5.434565
5.908267 5.438490
5.908887 5.442323
5.909456 5.446064
5.909975 5.449712
5.910446 5.453266
5.910871 5.456726
5.911252 5.460090
5.911592 5.463357
5.911891 5.466527
5.912153 5.469599
5.912380 5.472571
5.912572 5.475443
5.912733 5.478214
5.912865 5.480882
5.912969 5.483448
5.913047 5.485910
5.913102 5.488268
5.913136 5.490519
5.913150 5.492664
5.913147 5.494702
5.913129 5.496631
5.913098 5.498451
5.913055 5.500160
5.913004 5.501759
5.912945 5.503245
5.912881 5.504619
5.912815 5.505879
5.912747 5.507024
5.912680 5.508053
5.912617 5.508966
5.912559 5.509761
5.912508 5.510438
5.912466 5.510995
5.912436 5.511433
5.912419 5.511749
5.912418 5.511943
5.912434 5.512014
5.912469 5.511962
5.912526 5.511784
5.912607 5.511481
5.912713 5.511052
5.912847 5.510494
5.913011 5.509809
5.913206 5.508994
5.913435 5.508049
5.913700 5.506973
5.914003 5.505765
5.914346 5.504424
5.914731 5.502949
5.915160 5.501339
5.915635 5.499594
5.916158 5.497712
5.916731 5.495692
5.917357 5.493534
5.918036 5.491237
5.918772 5.488800
5.919567 5.486221
5.920422 5.483501
5.921339 5.480637
5.922320 5.477630
5.923368 5.474478
5.924485 5.471180
5.925672 5.467736
5.926932 5.464144
5.928267 5.460404
5.929678 5.456514
5.931168 5.452474
5.932739 5.448283
5.934393 5.443940
5.936132 5.439444
5.937957 5.434795
5.939872 5.429990
5.941878 5.425030
5.943976 5.419913
5.946170 5.414639
5.948461 5.409206
5.950851 5.403615
5.953343 5.397862
5.955938 5.391949
5.958638 5.385874
5.961445 5.379635
5.964362 5.373233
5.967391 5.366666
5.970533 5.359934
5.973790 5.353035
5.977165 5.345968
5.980660 5.338733
5.984276 5.331329
5.988017 5.323754
5.991883 5.316008
5.995876 5.308091
6.000000 5.300000
6.004255 5.291736
6.008638 5.283302
6.013146 5.274701
6.017775 5.265937
6.022523 5.257013
6.027385 5.247933
6.032358 5.238700
6.037439 5.229317
6.042624 5.219790
6.047910 5.210120
6.053292 5.200311
6.058769 5.190367
6.064336 5.180292
6.069989 5.170088
6.075726 5.159760
6.081543 5.149311
6.087436 5.138745
6.093402 5.128064
6.099438 5.117273
6.105539 5.106376
6.111703 5.095374
6.117926 5.084273
6.124205 5.073076
6.130535 5.061785
6.136915 5.050405
6.143339 5.038940
6.149805 5.027392
6.156309 5.015766
6.162848 5.004064
6.169418 4.992290
6.176016 4.980449
6.182639 4.968542
6.189282 4.956575
6.195942 4.944549
6.202617 4.932470
6.209302 4.920340
6.215993 4.908164
6.222689 4.895943
6.229384 4.883683
6.236076 4.871386
6.242761 4.859056
6.249435 4.846697
6.256096 4.834311
6.262739 4.821904
6.269362 4.809477
6.275960 4.797035
6.282531 4.784581
6.289070 4.772119
6.295575 4.759653
6.302041 4.747184
6.308466 4.734719
6.314846 4.722258
6.321177 4.709808
6.327456 4.697370
6.333679 4.684948
6.339844 4.672546
6.345946 4.660168
6.351982 4.647816
6.357949 4.635495
6.363843 4.623208
6.369660 4.610959
6.375398 4.598750
6.381053 4.586586
6.386620 4.574470
6.392098 4.562405
6.397482 4.550396
6.402768 4.538445
6.407954 4.526556
6.413036 4.514733
6.418011 4.502980
6.422874 4.491298
6.427623 4.479693
6.432253 4.468168
6.436763 4.456726
6.441147 4.445371
6.445403 4.434106
6.449527 4.422935
6.453516 4.411862
6.457366 4.400889
6.461073 4.390021
6.464635 4.379260
6.468048 4.368611
6.471308 4.358077
6.474411 4.347661
6.477356 4.337368
6.480137 4.327200
6.482751 4.317161
6.485195 4.307254
6.487466 4.297484
6.489560 4.287853
6.491473 4.278366
6.493203 4.269025
6.494745 4.259834
6.496096 4.250797
6.497253 4.241917
6.498212 4.233198
6.498969 4.224643
6.499522 4.216256
6.499867 4.208041
6.500000 4.200000
6.499919 4.192137
6.499626 4.184452
6.499125 4.176943
6.498419 4.169612
6.497512 4.162456
6.496406 4.155476
6.495107 4.148671
6.493616 4.142040
6.491937 4.135583
6.490074 4.129299
6.488031 4.123188
6.485810 4.117249
6.483415 4.111481
6.480849 4.105883
6.478117 4.100456
6.475221 4.095199
6.472165 4.090111
6.468952 4.085191
6.465586 4.080440
6.462070 4.075855
6.458408 4.071438
6.454603 4.067186
6.450658 4.063100
6.446578 4.059180
6.442364 4.055423
6.438022 4.051831
6.433553 4.048402
6.428963 4.045135
6.424253 4.042031
6.419429 4.039088
6.414492 4.036307
6.409446 4.033685
6.404296 4.031224
6.399044 4.028921
6.393693 4.026778
6.388248 4.024792
6.382711 4.022964
6.377087 4.021293
6.371378 4.019778
6.365588 4.018419
6.359721 4.017215
6.353779 4.016166
6.347766 4.015271
6.341687 4.014529
6.335543 4.013940
6.329339 4.013503
6.323079 4.013218
6.316764 4.013084
6.310400 4.013101
6.303989 4.013268
6.297535 4.013584
6.291041 4.014049
6.284510 4.014662
6.277947 4.015423
6.271355 4.016330
6.264736 4.017385
6.258095 4.018585
6.251435 4.019931
6.244759 4.021421
6.238070 4.023055
6.231373 4.024833
6.224671 4.026754
6.217967 4.028818
6.211264 4.031023
6.204567 4.033370
6.197877 4.035857
6.191200 4.038485
6.184537 4.041251
6.177894 4.044157
6.171273 4.047202
6.164677 4.050384
6.158110 4.053703
6.151576 4.057159
6.145078 4.060751
6.138619 4.064478
6.132203 4.068341
6.125833 4.072337
6.119513 4.076468
6.113246 4.080731
6.107035 4.085128
6.100885 4.089656
6.094798 4.094315
6.088777 4.099106
6.082828 4.104026
6.076952 4.109077
6.071153 4.114256
6.065434 4.119564
6.059800 4.125000
6.054253 4.130563
6.048798 4.136254
6.043436 4.142070
6.038173 4.148012
6.033011 4.154079
6.027953 4.160270
6.023004 4.166585
6.018166 4.173024
6.013443 4.179585
6.008839 4.186269
6.004357 4.193074
6.000000 4.200000
5.995771 4.207048
5.991670 4.214221
5.987694 4.221527
5.983844 4.228970
5.980117 4.236558
5.976513 4.244294
5.973030 4.252186
5.969666 4.260238
5.966421 4.268458
5.963294 4.276850
5.960282 4.285420
5.957385 4.294175
5.954601 4.303119
5.951929 4.312260
5.949368 4.321601
5.946916 4.331151
5.944573 4.340913
5.942336 4.350894
5.940205 4.361100
5.938179 4.371537
5.936255 4.382210
5.934434 4.393125
5.932712 4.404287
5.931090 4.415704
5.929566 4.427380
5.928138 4.439322
5.926806 4.451534
5.925567 4.464024
5.924422 4.476796
5.923368 4.489856
5.922404 4.503211
5.921528 4.516866
5.920741 4.530827
5.920040 4.545100
5.919423 4.559690
5.918891 4.574603
5.918441 4.589845
5.918072 4.605422
5.917782 4.621340
5.917572 4.637605
5.917439 4.654221
5.917381 4.671196
5.917399 4.688534
5.917489 4.706242
5.917652 4.724326
5.917886 4.742790
5.918189 4.761642
5.918561 4.780887
5.919000 4.800530
5.919504 4.820577
5.920072 4.841035
5.920704 4.861909
5.921398 4.883204
5.922152 4.904928
5.922965 4.927084
5.923836 4.949680
5.924764 4.972721
5.925748 4.996212
5.926785 5.020160
5.927875 5.044571
5.929017 5.069449
5.930209 5.094802
5.931450 5.120634
5.932739 5.146952
5.934074 5.173761
5.935454 5.201068
5.936877 5.228877
5.938344 5.257195
5.939851 5.286027
5.941399 5.315380
5.942985 5.345259
5.944608 5.375670
5.946268 5.406619
5.947962 5.438111
5.949690 5.470153
5.951450 5.502749
5.953241 5.535907
5.955061 5.569631
5.956910 5.603927
5.958786 5.638802
5.960688 5.674261
5.962614 5.710310
5.964563 5.746955
5.966534 5.784201
5.968526 5.822054
5.970537 5.860520
5.972566 5.899606
5.974612 5.939316
5.976673 5.979656
5.978749 6.020632
5.980837 6.062251
5.982937 6.104517
5.985048 6.147438
5.987167 6.191017
5.989294 6.235262
5.991427 6.280178
5.993566 6.325770
5.995709 6.372045
5.997854 6.419009
