1.000000 0.500000
1.000000 0.515000
1.000000 0.529998
1.000001 0.544994
1.000002 0.559987
1.000003 0.574974
1.000006 0.589955
1.000009 0.604928
1.000014 0.619893
1.000020 0.634847
1.000027 0.649790
1.000036 0.664721
1.000047 0.679638
1.000059 0.694540
1.000074 0.709425
1.000091 0.724293
1.000111 0.739142
1.000133 0.753970
1.000158 0.768778
1.000185 0.783562
1.000216 0.798323
1.000250 0.813059
1.000288 0.827768
1.000329 0.842450
1.000374 0.857103
1.000422 0.871725
1.000475 0.886316
1.000532 0.900875
1.000593 0.915399
1.000659 0.929888
1.000730 0.944341
1.000805 0.958756
1.000885 0.973132
1.000971 0.987468
1.001062 1.001762
1.001159 1.016014
1.001261 1.030221
1.001369 1.044384
1.001483 1.058499
1.001603 1.072567
1.001729 1.086586
1.001862 1.100555
1.002002 1.114472
1.002148 1.128336
1.002302 1.142146
1.002462 1.155901
1.002630 1.169599
1.002805 1.183240
1.002988 1.196821
1.003179 1.210342
1.003378 1.223801
1.003584 1.237198
1.003799 1.250530
1.004023 1.263797
1.004255 1.276997
1.004496 1.290129
1.004745 1.303193
1.005004 1.316185
1.005272 1.329106
1.005550 1.341954
1.005837 1.354728
1.006133 1.367427
1.006440 1.380049
1.006757 1.392592
1.007084 1.405057
1.007421 1.417441
1.007769 1.429744
1.008127 1.441963
1.008496 1.454098
1.008877 1.466148
1.009268 1.478110
1.009671 1.489985
1.010086 1.501771
1.010512 1.513466
1.010950 1.525069
1.011400 1.536579
1.011862 1.547995
1.012336 1.559315
1.012823 1.570538
1.013323 1.581664
1.013835 1.592690
1.014360 1.603615
1.014899 1.614438
1.015451 1.625159
1.016016 1.635775
1.016595 1.646285
1.017187 1.656689
1.017794 1.666984
1.018414 1.677170
1.019049 1.687245
1.019699 1.697208
1.020363 1.707059
1.021041 1.716794
1.021735 1.726414
1.022444 1.735917
1.023168 1.745302
1.023907 1.754568
1.024662 1.763712
1.025432 1.772735
1.026219 1.781634
1.000000 2.000000
1.000548 2.010746
1.001112 2.021368
1.001691 2.031868
1.002283 2.042249
1.002888 2.052513
1.003505 2.062661
1.004134 2.072696
1.004773 2.082620
1.005422 2.092434
1.006080 2.102142
1.006746 2.111745
1.007419 2.121245
1.008099 2.130645
1.008784 2.139945
1.009474 2.149150
1.010169 2.158260
1.010866 2.167277
1.011566 2.176204
1.012268 2.185044
1.012970 2.193797
1.013673 2.202465
1.014374 2.211053
1.015074 2.219560
1.015772 2.227989
1.016466 2.236343
1.017157 2.244624
1.017842 2.252832
1.018522 2.260972
1.019195 2.269044
1.019861 2.277051
1.020519 2.284995
1.021168 2.292877
1.021807 2.300701
1.022435 2.308468
1.023053 2.316181
1.023658 2.323840
1.024250 2.331449
1.024829 2.339009
1.025392 2.346523
1.025941 2.353993
1.026473 2.361420
1.026988 2.368808
1.027485 2.376157
1.027964 2.383470
1.028423 2.390749
1.028862 2.397997
1.029280 2.405215
1.029676 2.412405
1.030049 2.419569
1.030399 2.426711
1.030725 2.433830
1.031025 2.440931
1.031300 2.448014
1.031547 2.455082
1.031767 2.462138
1.031959 2.469182
1.032121 2.476217
1.032254 2.483246
1.032356 2.490270
1.032426 2.497291
1.032464 2.504312
1.032468 2.511335
1.032438 2.518361
1.032374 2.525393
1.032274 2.532433
1.032137 2.539482
1.031963 2.546544
1.031751 2.553620
1.031501 2.560712
1.031210 2.567823
1.030879 2.574954
1.030506 2.582107
1.030092 2.589285
1.029634 2.596489
1.029133 2.603723
1.028587 2.610987
1.027995 2.618284
1.027358 2.625616
1.026673 2.632985
1.025941 2.640393
1.025160 2.647843
1.024329 2.655335
1.023448 2.662874
1.022517 2.670460
1.021533 2.678095
1.020496 2.685782
1.019406 2.693523
1.018262 2.701320
1.017063 2.709175
1.015808 2.717089
1.014496 2.725066
1.013126 2.733108
1.011698 2.741215
1.010211 2.749391
1.008664 2.757638
1.007056 2.765956
1.005386 2.774350
1.003654 2.782821
1.001859 2.791370
1.000000 2.800000
0.998076 2.808712
0.996089 2.817504
0.994039 2.826372
0.991929 2.835312
0.989758 2.844322
0.987530 2.853397
0.985244 2.862534
0.982902 2.871729
0.980505 2.880980
0.978056 2.890282
0.975554 2.899632
0.973001 2.909027
0.970399 2.918463
0.967749 2.927937
0.965052 2.937445
0.962309 2.946983
0.959522 2.956548
0.956691 2.966137
0.953819 2.975747
0.950907 2.985373
0.947955 2.995012
0.944965 3.004660
0.941939 3.014315
0.938877 3.023973
0.935781 3.033629
0.932652 3.043282
0.929491 3.052926
0.926301 3.062560
0.923081 3.072178
0.919833 3.081778
0.916560 3.091357
0.913261 3.100910
0.909938 3.110434
0.906592 3.119926
0.903225 3.129382
0.899839 3.138800
0.896433 3.148174
0.893010 3.157502
0.889571 3.166780
0.886116 3.176005
0.882649 3.185174
0.879168 3.194282
0.875677 3.203327
0.872176 3.212304
0.868667 3.221211
0.865150 3.230043
0.861627 3.238798
0.858100 3.247472
0.854569 3.256060
0.851036 3.264561
0.847502 3.272970
0.843969 3.281284
0.840437 3.289500
0.836909 3.297613
0.833385 3.305621
0.829866 3.313519
0.826354 3.321305
0.822851 3.328975
0.819356 3.336525
0.815873 3.343952
0.812401 3.351253
0.808943 3.358423
0.805499 3.365460
0.802071 3.372360
0.798660 3.379119
0.795268 3.385734
0.791895 3.392202
0.788543 3.398519
0.785213 3.404681
0.781907 3.410685
0.778626 3.416527
0.775370 3.422205
0.772142 3.427714
0.768943 3.433051
0.765773 3.438213
0.762635 3.443195
0.759529 3.447995
0.756457 3.452609
0.753420 3.457034
0.750419 3.461266
0.747456 3.465301
0.744532 3.469136
0.741648 3.472768
0.738805 3.476193
0.736005 3.479408
0.733249 3.482409
0.730538 3.485192
0.727874 3.487754
0.725257 3.490092
0.722690 3.492202
0.720173 3.494081
0.717708 3.495724
0.715296 3.497130
0.712938 3.498293
0.710635 3.499212
0.708389 3.499881
0.706202 3.500298
0.704073 3.500459
0.702006 3.500361
0.700000 3.500000
0.698057 3.499374
0.696179 3.498486
0.694366 3.497339
0.692620 3.495939
0.690941 3.494288
0.689330 3.492392
0.687790 3.490254
0.686320 3.487878
0.684922 3.485269
0.683597 3.482430
0.682347 3.479365
0.681171 3.476079
0.680072 3.472576
0.679050 3.468860
0.678106 3.464934
0.677242 3.460804
0.676459 3.456472
0.675757 3.451944
0.675138 3.447223
0.674603 3.442313
0.674153 3.437219
0.673789 3.431944
0.673512 3.426493
0.673323 3.420869
0.673224 3.415077
0.673215 3.409121
0.673298 3.403005
0.673473 3.396733
0.673742 3.390308
0.674105 3.383736
0.674565 3.377021
0.675121 3.370165
0.675776 3.363174
0.676529 3.356052
0.677383 3.348802
0.678338 3.341429
0.679396 3.333937
0.680557 3.326329
0.681823 3.318611
0.683194 3.310785
0.684672 3.302857
0.686258 3.294829
0.687952 3.286707
0.689757 3.278495
0.691673 3.270195
0.693701 3.261814
0.695842 3.253354
0.698098 3.244820
0.700469 3.236215
0.702957 3.227544
0.705562 3.218812
0.708286 3.210021
0.711130 3.201177
0.714095 3.192282
0.717182 3.183342
0.720391 3.174361
0.723725 3.165342
0.727185 3.156289
0.730770 3.147207
0.734483 3.138100
0.738325 3.128972
0.742296 3.119826
0.746398 3.110668
0.750632 3.101501
0.754998 3.092329
0.759499 3.083156
0.764134 3.073986
0.768906 3.064824
0.773815 3.055673
0.778862 3.046538
0.784049 3.037423
0.789376 3.028331
0.794845 3.019267
0.800456 3.010235
0.806211 3.001240
0.812111 2.992284
0.818157 2.983372
0.824350 2.974509
0.830692 2.965698
0.837182 2.956944
0.843823 2.948250
0.850615 2.939620
0.857559 2.931060
0.864657 2.922572
0.871910 2.914161
0.879318 2.905831
0.886884 2.897586
0.894607 2.889430
0.902489 2.881368
0.910532 2.873402
0.918735 2.865538
0.927101 2.857780
0.935630 2.850131
0.944324 2.842596
0.953183 2.835178
0.962209 2.827883
0.971402 2.820713
0.980765 2.813673
0.990297 2.806768
1.000000 2.800000
1.009874 2.793373
1.019916 2.786885
1.030119 2.780531
1.040479 2.774308
1.050991 2.768212
1.061650 2.762239
1.072451 2.756385
1.083389 2.750647
1.094459 2.745019
1.105655 2.739500
1.116973 2.734084
1.128408 2.728768
1.139954 2.723548
1.151607 2.718420
1.163362 2.713381
1.175213 2.708426
1.187156 2.703552
1.199185 2.698754
1.211295 2.694030
1.223482 2.689375
1.235740 2.684785
1.248065 2.680256
1.260451 2.675785
1.272893 2.671368
1.285386 2.667000
1.297926 2.662679
1.310507 2.658399
1.323123 2.654158
1.335771 2.649952
1.348445 2.645776
1.361140 2.641627
1.373851 2.637501
1.386573 2.633394
1.399300 2.629302
1.412029 2.625221
1.424753 2.621148
1.437469 2.617079
1.450170 2.613009
1.462851 2.608936
1.475509 2.604855
1.488137 2.600761
1.500730 2.596653
1.513284 2.592525
1.525794 2.588373
1.538254 2.584195
1.550660 2.579986
1.563006 2.575741
1.575288 2.571458
1.587500 2.567133
1.599637 2.562761
1.611694 2.558339
1.623667 2.553863
1.635550 2.549329
1.647338 2.544734
1.659027 2.540072
1.670610 2.535342
1.682083 2.530538
1.693442 2.525656
1.704681 2.520694
1.715794 2.515647
1.726778 2.510511
1.737626 2.505283
1.748334 2.499958
1.758897 2.494533
1.769310 2.489004
1.779568 2.483367
1.789665 2.477619
1.799597 2.471754
1.809358 2.465770
1.818945 2.459663
1.828351 2.453429
1.837571 2.447063
1.846601 2.440563
1.855435 2.433924
1.864069 2.427142
1.872497 2.420214
1.880715 2.413135
1.888716 2.405903
1.896498 2.398512
1.904053 2.390960
1.911378 2.383242
1.918466 2.375354
1.925314 2.367293
1.931917 2.359055
1.938268 2.350636
1.944363 2.342032
1.950197 2.333239
1.955765 2.324253
1.961062 2.315071
1.966083 2.305688
1.970823 2.296102
1.975277 2.286307
1.979439 2.276301
1.983306 2.266079
1.986871 2.255637
1.990129 2.244972
1.993077 2.234079
1.995707 2.222956
1.998017 2.211597
2.000000 2.200000
2.001653 2.188162
2.002981 2.176088
2.003989 2.163786
2.004683 2.151263
2.005069 2.138525
2.005153 2.125580
2.004940 2.112435
2.004437 2.099097
2.003649 2.085574
2.002582 2.071872
2.001243 2.057998
1.999636 2.043960
1.997768 2.029765
1.995645 2.015419
1.993272 2.000930
1.990655 1.986305
1.987801 1.971552
1.984714 1.956676
1.981402 1.941686
1.977869 1.926588
1.974122 1.911390
1.970166 1.896099
1.966008 1.880721
1.961652 1.865264
1.957106 1.849735
1.952374 1.834141
1.947464 1.818490
1.942379 1.802788
1.937128 1.787042
1.931714 1.771260
1.926145 1.755448
1.920425 1.739614
1.914562 1.723765
1.908560 1.707908
1.902426 1.692051
1.896165 1.676199
1.889783 1.660361
1.883286 1.644543
1.876681 1.628752
1.869972 1.612997
1.863166 1.597283
1.856268 1.581618
1.849285 1.566009
1.842222 1.550463
1.835085 1.534987
1.827880 1.519589
1.820612 1.504275
1.813289 1.489052
1.805915 1.473929
1.798496 1.458911
1.791038 1.444005
1.783548 1.429220
1.776030 1.414562
1.768491 1.400038
1.760937 1.385656
1.753374 1.371421
1.745806 1.357343
1.738241 1.343427
1.730684 1.329681
1.723140 1.316111
1.715617 1.302726
1.708119 1.289532
1.700652 1.276536
1.693223 1.263745
1.685837 1.251167
1.678500 1.238808
1.671218 1.226676
1.663996 1.214777
1.656841 1.203120
1.649759 1.191710
1.642755 1.180556
1.635835 1.169663
1.629005 1.159040
1.622271 1.148694
1.615638 1.138631
1.609113 1.128858
1.602702 1.119384
1.596409 1.110214
1.590242 1.101356
1.584206 1.092817
1.578307 1.084605
1.572550 1.076725
1.566942 1.069187
1.561488 1.061995
1.556194 1.055159
1.551067 1.048684
1.546111 1.042578
1.541334 1.036848
1.536739 1.031501
1.532335 1.026544
1.528126 1.021984
1.524118 1.017829
1.520317 1.014085
1.516729 1.010760
1.513360 1.007861
1.510215 1.005395
1.507301 1.003368
1.504623 1.001789
1.502188 1.000664
1.500000 1.000000
1.498065 0.999802
1.496380 1.000066
1.494943 1.000786
1.493749 1.001954
1.492796 1.003563
1.492079 1.005609
1.491596 1.008083
1.491344 1.010980
1.491318 1.014292
1.491516 1.018013
1.491934 1.022136
1.492569 1.026656
1.493417 1.031565
1.494475 1.036856
1.495739 1.042524
1.497207 1.048561
1.498874 1.054961
1.500738 1.061717
1.502795 1.068823
1.505042 1.076273
1.507475 1.084058
1.510091 1.092174
1.512887 1.100613
1.515858 1.109369
1.519003 1.118435
1.522317 1.127804
1.525796 1.137470
1.529439 1.147427
1.533241 1.157668
1.537198 1.168186
1.541308 1.178974
1.545567 1.190026
1.549972 1.201336
1.554520 1.212897
1.559206 1.224702
1.564028 1.236744
1.568982 1.249017
1.574065 1.261515
1.579273 1.274231
1.584604 1.287158
1.590053 1.300290
1.595618 1.313620
1.601294 1.327141
1.607079 1.340847
1.612969 1.354731
1.618961 1.368787
1.625052 1.383009
1.631237 1.397388
1.637514 1.411920
1.643879 1.426597
1.650330 1.441412
1.656861 1.456360
1.663471 1.471433
1.670156 1.486626
1.676912 1.501930
1.683736 1.517340
1.690625 1.532850
1.697575 1.548452
1.704582 1.564140
1.711644 1.579907
1.718758 1.595748
1.725919 1.611654
1.733124 1.627620
1.740371 1.643639
1.747654 1.659704
1.754972 1.675810
1.762321 1.691948
1.769698 1.708113
1.777098 1.724298
1.784519 1.740497
1.791958 1.756702
1.799410 1.772908
1.806873 1.789107
1.814343 1.805294
1.821816 1.821460
1.829290 1.837601
1.836762 1.853709
1.844226 1.869778
1.851681 1.885801
1.859123 1.901771
1.866549 1.917682
1.873954 1.933528
1.881337 1.949301
1.888692 1.964996
1.896018 1.980605
1.903310 1.996122
1.910565 2.011540
1.917781 2.026853
1.924952 2.042054
1.932077 2.057137
1.939151 2.072094
1.946172 2.086921
1.953136 2.101608
1.960039 2.116152
1.966879 2.130543
1.973651 2.144777
1.980352 2.158846
1.986980 2.172744
1.993530 2.186464
2.000000 2.200000
2.006386 2.213347
2.012688 2.226506
2.018905 2.239481
2.025038 2.252277
2.031086 2.264896
2.037050 2.277343
2.042928 2.289621
2.048722 2.301733
2.054430 2.313684
2.060053 2.325477
2.065591 2.337115
2.071043 2.348603
2.076409 2.359944
2.081690 2.371141
2.086884 2.382199
2.091993 2.393121
2.097015 2.403910
2.101950 2.414571
2.106800 2.425107
2.111562 2.435522
2.116238 2.445818
2.120827 2.456001
2.125329 2.466073
2.129744 2.476039
2.134071 2.485902
2.138311 2.495665
2.142463 2.505333
2.146528 2.514908
2.150504 2.524396
2.154393 2.533798
2.158194 2.543120
2.161906 2.552364
2.165530 2.561534
2.169066 2.570634
2.172513 2.579668
2.175871 2.588640
2.179140 2.597552
2.182320 2.606409
2.185411 2.615214
2.188413 2.623971
2.191325 2.632683
2.194147 2.641355
2.196880 2.649990
2.199523 2.658591
2.202076 2.667163
2.204539 2.675708
2.206912 2.684231
2.209194 2.692736
2.211386 2.701225
2.213487 2.709703
2.215497 2.718173
2.217416 2.726639
2.219244 2.735104
2.220982 2.743573
2.222627 2.752049
2.224182 2.760535
2.225644 2.769036
2.227015 2.777554
2.228295 2.786094
2.229482 2.794659
2.230577 2.803253
2.231579 2.811879
2.232490 2.820542
2.233308 2.829245
2.234033 2.837991
2.234665 2.846784
2.235205 2.855628
2.235651 2.864527
2.236004 2.873484
2.236264 2.882503
2.236431 2.891587
2.236503 2.900740
2.236483 2.909967
2.236368 2.919269
2.236159 2.928652
2.235856 2.938119
2.235459 2.947674
2.234967 2.957319
2.234381 2.967059
2.233701 2.976898
2.232925 2.986839
2.232054 2.996886
2.231089 3.007042
2.230028 3.017312
2.228872 3.027698
2.227621 3.038204
2.226273 3.048835
2.224831 3.059594
2.223292 3.070484
2.221657 3.081509
2.219926 3.092673
2.218099 3.103980
2.216175 3.115432
2.214155 3.127035
2.212039 3.138791
2.209825 3.150704
2.207514 3.162777
2.205107 3.175016
2.202602 3.187422
2.200000 3.200000
2.197301 3.212752
2.194506 3.225674
2.191618 3.238760
2.188639 3.252004
2.185572 3.265401
2.182417 3.278945
2.179177 3.292631
2.175855 3.306452
2.172452 3.320404
2.168971 3.334480
2.165413 3.348675
2.161781 3.362983
2.158077 3.377398
2.154303 3.391916
2.150462 3.406529
2.146554 3.421233
2.142583 3.436022
2.138550 3.450890
2.134458 3.465832
2.130309 3.480841
2.126104 3.495913
2.121846 3.511041
2.117538 3.526220
2.113180 3.541444
2.108776 3.556708
2.104328 3.572006
2.099836 3.587332
2.095305 3.602680
2.090735 3.618045
2.086129 3.633422
2.081489 3.648804
2.076817 3.664186
2.072115 3.679562
2.067386 3.694927
2.062631 3.710275
2.057852 3.725600
2.053052 3.740897
2.048233 3.756159
2.043397 3.771382
2.038546 3.786559
2.033682 3.801686
2.028807 3.816756
2.023924 3.831763
2.019033 3.846702
2.014139 3.861568
2.009242 3.876354
2.004345 3.891055
1.999450 3.905666
1.994559 3.920180
1.989674 3.934592
1.984798 3.948896
1.979931 3.963088
1.975078 3.977160
1.970239 3.991107
1.965416 4.004924
1.960613 4.018605
1.955830 4.032145
1.951070 4.045537
1.946336 4.058776
1.941629 4.071857
1.936951 4.084773
1.932305 4.097520
1.927692 4.110090
1.923116 4.122480
1.918577 4.134682
1.914078 4.146692
1.909621 4.158504
1.905208 4.170112
1.900842 4.181510
1.896524 4.192693
1.892257 4.203654
1.888042 4.214390
1.883882 4.224893
1.879779 4.235158
1.875735 4.245180
1.871752 4.254952
1.867833 4.264470
1.863978 4.273727
1.860192 4.282717
1.856474 4.291436
1.852829 4.299878
1.849257 4.308036
1.845762 4.315905
1.842344 4.323480
1.839006 4.330754
1.835751 4.337723
1.832580 4.344380
1.829496 4.350720
1.826500 4.356738
1.823595 4.362426
1.820783 4.367781
1.818066 4.372795
1.815445 4.377465
1.812924 4.381783
1.810505 4.385744
1.808188 4.389343
1.805978 4.392573
1.803875 4.395430
1.801881 4.397908
1.800000 4.400000
1.798232 4.401703
1.796579 4.403019
1.795039 4.403950
1.793614 4.404501
1.792303 4.404675
1.791106 4.404475
1.790024 4.403904
1.789056 4.402966
1.788203 4.401665
1.787464 4.400003
1.786841 4.397985
1.786332 4.395612
1.785938 4.392890
1.785659 4.389821
1.785495 4.386408
1.785446 4.382656
1.785512 4.378567
1.785694 4.374144
1.785991 4.369392
1.786403 4.364313
1.786931 4.358911
1.787574 4.353190
1.788333 4.347152
1.789208 4.340801
1.790199 4.334141
1.791305 4.327174
1.792528 4.319905
1.793866 4.312336
1.795321 4.304472
1.796891 4.296314
1.798578 4.287868
1.800381 4.279135
1.802301 4.270120
1.804337 4.260826
1.806490 4.251257
1.808759 4.241415
1.811145 4.231304
1.813648 4.220927
1.816267 4.210289
1.819004 4.199391
1.821857 4.188239
1.824828 4.176834
1.827916 4.165180
1.831121 4.153282
1.834443 4.141141
1.837882 4.128762
1.841439 4.116148
1.845114 4.103303
1.848906 4.090228
1.852816 4.076929
1.856844 4.063409
1.860989 4.049670
1.865252 4.035717
1.869634 4.021552
1.874133 4.007179
1.878751 3.992602
1.883486 3.977823
1.888340 3.962846
1.893312 3.947675
1.898403 3.932313
1.903612 3.916763
1.908940 3.901029
1.914386 3.885114
1.919952 3.869022
1.925636 3.852755
1.931438 3.836317
1.937360 3.819712
1.943401 3.802944
1.949561 3.786014
1.955840 3.768927
1.962238 3.751687
1.968756 3.734296
1.975393 3.716757
1.982149 3.699076
1.989025 3.681253
1.996021 3.663294
2.003136 3.645202
2.010372 3.626979
2.017727 3.608629
2.025202 3.590157
2.032796 3.571564
2.040511 3.552854
2.048347 3.534031
2.056302 3.515099
2.064378 3.496060
2.072574 3.476918
2.080890 3.457676
2.089327 3.438338
2.097885 3.418906
2.106563 3.399386
2.115362 3.379779
2.124282 3.360090
2.133323 3.340321
2.142485 3.320476
2.151768 3.300558
2.161171 3.280572
2.170697 3.260519
2.180343 3.240404
2.190111 3.220230
2.200000 3.200000
2.210010 3.179718
2.220141 3.159386
2.230391 3.139006
2.240759 3.118582
2.251243 3.098116
2.261843 3.077610
2.272557 3.057067
2.283384 3.036489
2.294323 3.015880
2.305372 2.995240
2.316531 2.974574
2.327797 2.953882
2.339171 2.933169
2.350651 2.912437
2.362235 2.891687
2.373922 2.870923
2.385711 2.850147
2.397601 2.829362
2.409591 2.808569
2.421679 2.787773
2.433864 2.766974
2.446146 2.746176
2.458522 2.725382
2.470992 2.704593
2.483554 2.683812
2.496207 2.663042
2.508950 2.642286
2.521782 2.621545
2.534701 2.600823
2.547706 2.580121
2.560797 2.559443
2.573971 2.538791
2.587228 2.518167
2.600567 2.497574
2.613985 2.477015
2.627483 2.456491
2.641058 2.436006
2.654710 2.415562
2.668437 2.395162
2.682239 2.374808
2.696113 2.354503
2.710059 2.334248
2.724075 2.314047
2.738161 2.293903
2.752315 2.273817
2.766535 2.253792
2.780821 2.233832
2.795172 2.213937
2.809586 2.194111
2.824061 2.174357
2.838598 2.154676
2.853194 2.135072
2.867848 2.115547
2.882559 2.096103
2.897327 2.076743
2.912149 2.057469
2.927024 2.038285
2.941952 2.019192
2.956930 2.000193
2.971959 1.981290
2.987036 1.962487
3.002161 1.943785
3.017331 1.925188
3.032547 1.906697
3.047806 1.888315
3.063108 1.870045
3.078451 1.851889
3.093835 1.833850
3.109257 1.815930
3.124717 1.798132
3.140213 1.780458
3.155744 1.762911
3.171310 1.745493
3.186908 1.728208
3.202538 1.711056
3.218199 1.694042
3.233888 1.677167
3.249606 1.660434
3.265350 1.643846
3.281119 1.627404
3.296913 1.611112
3.312730 1.594972
3.328569 1.578987
3.344429 1.563159
3.360308 1.547490
3.376205 1.531984
3.392119 1.516642
3.408050 1.501468
3.423994 1.486463
3.439952 1.471630
3.455922 1.456972
3.471903 1.442492
3.487894 1.428191
3.503894 1.414073
3.519900 1.400139
3.535913 1.386393
3.551930 1.372837
3.567952 1.359473
3.583975 1.346305
3.600000 1.333333
