0.000000 0.000000
0.020000 0.008609
0.040000 0.017185
0.060000 0.025692
0.080000 0.034098
0.100000 0.042370
0.120000 0.050474
0.140000 0.058379
0.160000 0.066054
0.180000 0.073468
0.200000 0.080592
0.220000 0.087398
0.240000 0.093859
0.260000 0.099950
0.280000 0.105646
0.300000 0.110926
0.320000 0.115767
0.340000 0.120152
0.360000 0.124062
0.380000 0.127483
0.400000 0.130401
0.420000 0.132804
0.440000 0.134683
0.460000 0.136030
0.480000 0.136841
0.500000 0.137112
0.520000 0.136841
0.540000 0.136030
0.560000 0.134683
0.580000 0.132804
0.600000 0.130401
0.620000 0.127483
0.640000 0.124062
0.660000 0.120152
0.680000 0.115767
0.700000 0.110926
0.720000 0.105646
0.740000 0.099950
0.760000 0.093859
0.780000 0.087398
0.800000 0.080592
0.820000 0.073468
0.840000 0.066054
0.860000 0.058379
0.880000 0.050474
0.900000 0.042370
0.920000 0.034098
0.940000 0.025692
0.960000 0.017185
0.980000 0.008609
