3.000000 3.000000
3.005000 2.996000
3.010001 2.992001
3.015003 2.988004
3.020006 2.984009
3.025013 2.980017
3.030022 2.976029
3.035034 2.972046
3.040051 2.968069
3.045073 2.964098
3.050100 2.960135
3.055133 2.956180
3.060173 2.952233
3.065220 2.948296
3.070275 2.944370
3.075338 2.940455
3.080410 2.936553
3.085492 2.932663
3.090584 2.928787
3.095687 2.924925
3.100802 2.921079
3.105928 2.917249
3.111067 2.913436
3.116219 2.909641
3.121385 2.905865
3.126566 2.902108
3.131761 2.898371
3.136972 2.894655
3.142200 2.890961
3.147444 2.887290
3.152705 2.883642
3.157985 2.880019
3.163283 2.876420
3.168601 2.872848
3.173938 2.869302
3.179296 2.865784
3.184675 2.862294
3.190075 2.858833
3.195498 2.855402
3.200944 2.852002
3.206413 2.848633
3.211906 2.845297
3.217423 2.841994
3.222966 2.838725
3.228535 2.835491
3.234130 2.832292
3.239753 2.829130
3.245403 2.826005
3.251081 2.822919
3.256788 2.819871
3.262525 2.816862
3.268291 2.813894
3.274089 2.810968
3.279917 2.808083
3.285777 2.805241
3.291670 2.802443
3.297596 2.799690
3.303556 2.796982
3.309550 2.794320
3.315578 2.791705
3.321643 2.789138
3.327743 2.786619
3.333880 2.784150
3.340054 2.781731
3.346266 2.779362
3.352517 2.777046
3.358806 2.774782
3.365136 2.772572
3.371505 2.770416
3.377916 2.768315
3.384368 2.766270
3.390862 2.764281
3.397398 2.762350
3.403978 2.760477
3.410602 2.758664
3.417271 2.756910
3.423984 2.755217
3.430743 2.753585
3.437549 2.752016
3.444401 2.750509
3.451301 2.749067
3.458249 2.747690
3.465246 2.746378
3.472292 2.745132
3.479387 2.743954
3.486534 2.742844
3.493731 2.741802
3.500980 2.740830
3.508282 2.739929
3.515636 2.739098
3.523044 2.738340
3.530506 2.737654
3.538022 2.737043
3.545594 2.736505
3.553222 2.736043
3.560907 2.735657
3.568648 2.735348
3.576447 2.735117
3.584305 2.734964
3.592221 2.734890
3.500000 2.600000
3.507034 2.598739
3.514124 2.597559
3.521269 2.596461
3.528465 2.595447
3.535709 2.594517
3.542998 2.593672
3.550329 2.592912
3.557699 2.592238
3.565105 2.591651
3.572544 2.591152
3.580014 2.590741
3.587510 2.590420
3.595031 2.590188
3.602572 2.590048
3.610132 2.589998
3.617706 2.590041
3.625293 2.590177
3.632888 2.590407
3.640490 2.590731
3.648095 2.591151
3.655699 2.591666
3.663301 2.592278
3.670897 2.592988
3.678483 2.593796
3.686058 2.594703
3.693617 2.595710
3.701159 2.596817
3.708679 2.598025
3.716176 2.599336
3.723645 2.600749
3.731084 2.602266
3.738491 2.603887
3.745861 2.605614
3.753192 2.607446
3.760481 2.609384
3.767725 2.611430
3.774921 2.613584
3.782065 2.615846
3.789156 2.618219
3.796189 2.620701
3.803163 2.623295
3.810073 2.626000
3.816917 2.628818
3.823692 2.631749
3.830395 2.634795
3.837023 2.637955
3.843572 2.641231
3.850041 2.644623
3.856425 2.648132
3.862722 2.651759
3.868929 2.655505
3.875043 2.659370
3.881060 2.663355
3.886978 2.667461
3.892794 2.671688
3.898505 2.676038
3.904108 2.680511
3.909600 2.685108
3.914977 2.689830
3.920237 2.694676
3.925377 2.699649
3.930393 2.704749
3.935283 2.709977
3.940044 2.715333
3.944673 2.720818
3.949167 2.726433
3.953522 2.732178
3.957736 2.738055
3.961806 2.744064
3.965728 2.750206
3.969500 2.756482
3.973119 2.762892
3.976581 2.769437
3.979884 2.776118
3.983025 2.782936
3.986001 2.789891
3.988808 2.796984
3.991444 2.804217
3.993905 2.811589
3.996189 2.819101
3.998293 2.826755
4.000214 2.834550
4.001948 2.842489
4.003492 2.850570
4.004845 2.858796
4.006002 2.867167
4.006960 2.875683
4.007717 2.884346
4.008270 2.893157
4.008615 2.902115
4.008750 2.911222
4.008672 2.920478
4.008377 2.929885
4.007863 2.939442
4.007126 2.949151
4.006164 2.959013
4.004973 2.969028
4.003551 2.979197
4.001894 2.989521
4.000000 3.000000
3.997866 3.010634
3.995495 3.021420
3.992887 3.032352
3.990047 3.043425
3.986975 3.054635
3.983676 3.065975
3.980150 3.077441
3.976401 3.089029
3.972431 3.100733
3.968242 3.112547
3.963837 3.124468
3.959218 3.136490
3.954387 3.148608
3.949348 3.160817
3.944102 3.173111
3.938652 3.185487
3.933000 3.197938
3.927149 3.210461
3.921101 3.223049
3.914859 3.235698
3.908425 3.248403
3.901801 3.261158
3.894989 3.273960
3.887994 3.286802
3.880815 3.299680
3.873457 3.312589
3.865921 3.325523
3.858211 3.338478
3.850327 3.351448
3.842274 3.364430
3.834052 3.377416
3.825666 3.390404
3.817116 3.403387
3.808406 3.416360
3.799537 3.429319
3.790513 3.442259
3.781336 3.455174
3.772008 3.468059
3.762531 3.480910
3.752909 3.493721
3.743142 3.506487
3.733235 3.519204
3.723189 3.531867
3.713007 3.544469
3.702691 3.557007
3.692243 3.569475
3.681666 3.581868
3.670963 3.594182
3.660135 3.606411
3.649186 3.618550
3.638117 3.630594
3.626932 3.642538
3.615632 3.654378
3.604220 3.666107
3.592698 3.677722
3.581069 3.689216
3.569335 3.700586
3.557499 3.711825
3.545562 3.722930
3.533529 3.733895
3.521400 3.744714
3.509178 3.755384
3.496866 3.765898
3.484467 3.776252
3.471981 3.786441
3.459413 3.796460
3.446764 3.806304
3.434038 3.815968
3.421235 3.825446
3.408359 3.834734
3.395412 3.843827
3.382397 3.852719
3.369315 3.861406
3.356170 3.869883
3.342964 3.878145
3.329699 3.886186
3.316377 3.894001
3.303002 3.901587
3.289575 3.908936
3.276099 3.916046
3.262576 3.922910
3.249010 3.929523
3.235401 3.935881
3.221753 3.941978
3.208068 3.947810
3.194348 3.953371
3.180596 3.958656
3.166815 3.963661
3.153006 3.968380
3.139172 3.972808
3.125316 3.976941
3.111440 3.980773
3.097546 3.984299
3.083637 3.987515
3.069715 3.990414
3.055783 3.992993
3.041843 3.995246
3.027898 3.997168
3.013949 3.998755
3.000000 4.000000
2.986053 4.000901
2.972109 4.001460
2.958172 4.001680
2.944244 4.001565
2.930327 4.001120
2.916423 4.000347
2.902535 3.999251
2.888665 3.997835
2.874815 3.996103
2.860988 3.994058
2.847186 3.991705
2.833410 3.989047
2.819665 3.986088
2.805951 3.982832
2.792272 3.979282
2.778629 3.975442
2.765025 3.971316
2.751462 3.966907
2.737943 3.962220
2.724469 3.957258
2.711044 3.952024
2.697668 3.946523
2.684346 3.940758
2.671079 3.934733
2.657869 3.928452
2.644718 3.921918
2.631630 3.915136
2.618606 3.908108
2.605648 3.900839
2.592760 3.893332
2.579943 3.885592
2.567199 3.877621
2.554531 3.869423
2.541942 3.861003
2.529433 3.852364
2.517006 3.843510
2.504665 3.834444
2.492412 3.825171
2.480248 3.815693
2.468176 3.806016
2.456199 3.796141
2.444318 3.786074
2.432537 3.775818
2.420856 3.765376
2.409280 3.754752
2.397809 3.743951
2.386447 3.732976
2.375196 3.721830
2.364057 3.710517
2.353034 3.699042
2.342128 3.687407
2.331342 3.675617
2.320678 3.663675
2.310139 3.651585
2.299727 3.639350
2.289443 3.626975
2.279292 3.614464
2.269274 3.601819
2.259392 3.589045
2.249649 3.576145
2.240046 3.563123
2.230586 3.549983
2.221272 3.536729
2.212105 3.523364
2.203089 3.509892
2.194224 3.496316
2.185515 3.482642
2.176962 3.468871
2.168569 3.455009
2.160337 3.441058
2.152269 3.427023
2.144367 3.412907
2.136634 3.398713
2.129071 3.384447
2.121682 3.370111
2.114468 3.355708
2.107432 3.341244
2.100576 3.326721
2.093903 3.312144
2.087414 3.297516
2.081112 3.282840
2.075000 3.268121
2.069079 3.253363
2.063353 3.238568
2.057822 3.223741
2.052491 3.208885
2.047360 3.194005
2.042432 3.179103
2.037710 3.164184
2.033196 3.149252
2.028893 3.134310
2.024801 3.119361
2.020925 3.104410
2.017266 3.089461
2.013826 3.074516
2.010608 3.059580
2.007614 3.044657
2.004846 3.029750
2.002308 3.014863
2.000000 3.000000
1.997925 2.985164
1.996084 2.970357
1.994477 2.955583
1.993105 2.940841
1.991967 2.926136
1.991064 2.911469
1.990396 2.896841
1.989963 2.882256
1.989767 2.867715
1.989807 2.853220
1.990083 2.838773
1.990596 2.824377
1.991347 2.810033
1.992334 2.795744
1.993560 2.781511
1.995023 2.767337
1.996725 2.753224
1.998666 2.739174
2.000846 2.725189
2.003265 2.711271
2.005923 2.697423
2.008822 2.683645
2.011961 2.669941
2.015340 2.656312
2.018960 2.642761
2.022822 2.629290
2.026925 2.615900
2.031270 2.602594
2.035857 2.589374
2.040687 2.576242
2.045759 2.563200
2.051074 2.550250
2.056633 2.537394
2.062436 2.524634
2.068482 2.511973
2.074773 2.499413
2.081309 2.486955
2.088090 2.474601
2.095115 2.462355
2.102387 2.450217
2.109904 2.438190
2.117668 2.426276
2.125678 2.414477
2.133935 2.402796
2.142440 2.391233
2.151191 2.379792
2.160191 2.368474
2.169438 2.357282
2.178934 2.346218
2.188679 2.335283
2.198673 2.324480
2.208916 2.313811
2.219409 2.303278
2.230152 2.292882
2.241145 2.282627
2.252389 2.272514
2.263884 2.262546
2.275630 2.252724
2.287628 2.243050
2.299877 2.233527
2.312379 2.224156
2.325133 2.214940
2.338140 2.205881
2.351400 2.196981
2.364914 2.188242
2.378681 2.179666
2.392703 2.171255
2.406978 2.163011
2.421509 2.154937
2.436294 2.147034
2.451335 2.139304
2.466632 2.131750
2.482184 2.124374
2.497993 2.117178
2.514058 2.110163
2.530381 2.103333
2.546960 2.096688
2.563797 2.090231
2.580892 2.083965
2.598245 2.077891
2.615856 2.072011
2.633727 2.066328
2.651856 2.060843
2.670245 2.055559
2.688893 2.050478
2.707802 2.045601
2.726970 2.040931
2.746400 2.036471
2.766090 2.032221
2.786042 2.028184
2.806256 2.024363
2.826731 2.020759
2.847468 2.017374
2.868468 2.014211
2.889731 2.011271
2.911258 2.008557
2.933047 2.006071
2.955101 2.003815
2.977418 2.001790
3.000000 2.000000
3.022845 1.998445
3.045945 1.997127
3.069291 1.996044
3.092873 1.995197
3.116681 1.994586
3.140706 1.994210
3.164939 1.994070
3.189369 1.994166
3.213988 1.994497
3.238785 1.995064
3.263751 1.995865
3.288876 1.996902
3.314152 1.998175
3.339567 1.999682
3.365114 2.001424
3.390782 2.003401
3.416561 2.005613
3.442442 2.008060
3.468416 2.010741
3.494473 2.013657
3.520603 2.016807
3.546797 2.020192
3.573045 2.023812
3.599337 2.027665
3.625665 2.031753
3.652018 2.036074
3.678387 2.040630
3.704762 2.045420
3.731134 2.050444
3.757494 2.055701
3.783830 2.061192
3.810135 2.066917
3.836399 2.072876
3.862611 2.079067
3.888763 2.085493
3.914844 2.092151
3.940846 2.099043
3.966758 2.106168
3.992571 2.113526
4.018276 2.121117
4.043863 2.128941
4.069322 2.136998
4.094643 2.145288
4.119818 2.153810
4.144837 2.162565
4.169690 2.171552
4.194367 2.180772
4.218859 2.190225
4.243156 2.199909
4.267249 2.209826
4.291129 2.219975
4.314785 2.230356
4.338208 2.240969
4.361388 2.251814
4.384317 2.262891
4.406984 2.274199
4.429379 2.285739
4.451494 2.297511
4.473318 2.309514
4.494843 2.321749
4.516058 2.334215
4.536954 2.346912
4.557521 2.359841
4.577750 2.373000
4.597631 2.386391
4.617155 2.400012
4.636312 2.413865
4.655092 2.427948
4.673487 2.442262
4.691485 2.456807
4.709079 2.471582
4.726258 2.486587
4.743012 2.501824
4.759332 2.517290
4.775209 2.532986
4.790633 2.548913
4.805594 2.565070
4.820083 2.581457
4.834091 2.598074
4.847606 2.614920
4.860621 2.631997
4.873126 2.649303
4.885110 2.666839
4.896565 2.684604
4.907480 2.702599
4.917847 2.720823
4.927655 2.739276
4.936896 2.757959
4.945559 2.776870
4.953635 2.796011
4.961114 2.815381
4.967987 2.834980
4.974245 2.854807
4.979876 2.874863
4.984874 2.895148
4.989226 2.915662
4.992925 2.936404
4.995959 2.957374
4.998321 2.978573
5.000000 3.000000
5.000989 3.021654
5.001295 3.043527
5.000923 3.065610
4.999884 3.087894
4.998183 3.110371
4.995831 3.133031
4.992833 3.155866
4.989200 3.178866
4.984937 3.202022
4.980054 3.225326
4.974559 3.248768
4.968458 3.272340
4.961761 3.296032
4.954476 3.319836
4.946609 3.343743
4.938170 3.367743
4.929166 3.391828
4.919605 3.415988
4.909495 3.440216
4.898844 3.464501
4.887661 3.488834
4.875952 3.513208
4.863726 3.537612
4.850991 3.562039
4.837756 3.586478
4.824027 3.610921
4.809813 3.635359
4.795121 3.659783
4.779961 3.684184
4.764339 3.708554
4.748264 3.732882
4.731744 3.757160
4.714787 3.781380
4.697400 3.805531
4.679592 3.829606
4.661370 3.853595
4.642743 3.877490
4.623719 3.901280
4.604305 3.924958
4.584509 3.948514
4.564340 3.971940
4.543805 3.995226
4.522913 4.018364
4.501671 4.041343
4.480088 4.064157
4.458170 4.086795
4.435927 4.109248
4.413366 4.131508
4.390496 4.153566
4.367323 4.175413
4.343857 4.197039
4.320105 4.218435
4.296075 4.239594
4.271775 4.260505
4.247213 4.281160
4.222397 4.301550
4.197335 4.321665
4.172034 4.341498
4.146504 4.361038
4.120752 4.380278
4.094785 4.399207
4.068612 4.417817
4.042242 4.436100
4.015680 4.454045
3.988937 4.471645
3.962019 4.488889
3.934935 4.505770
3.907692 4.522278
3.880299 4.538404
3.852764 4.554139
3.825094 4.569475
3.797298 4.584402
3.769383 4.598911
3.741358 4.612994
3.713230 4.626641
3.685007 4.639843
3.656698 4.652592
3.628310 4.664878
3.599851 4.676693
3.571330 4.688027
3.542753 4.698872
3.514131 4.709219
3.485469 4.719058
3.456776 4.728380
3.428061 4.737178
3.399330 4.745441
3.370593 4.753161
3.341856 4.760328
3.313129 4.766935
3.284418 4.772971
3.255733 4.778428
3.227080 4.783297
3.198469 4.787569
3.169906 4.791235
3.141400 4.794285
3.112958 4.796712
3.084590 4.798506
3.056302 4.799658
3.028103 4.800159
3.000000 4.800000
2.972001 4.799175
2.944108 4.797691
2.916324 4.795558
2.888649 4.792784
2.861085 4.789379
2.833635 4.785354
2.806299 4.780717
2.779080 4.775478
2.751979 4.769647
2.724998 4.763232
2.698138 4.756245
2.671402 4.748694
2.644790 4.740589
2.618305 4.731939
2.591949 4.722754
2.565722 4.713044
2.539628 4.702818
2.513666 4.692086
2.487840 4.680857
2.462150 4.669140
2.436599 4.656946
2.411188 4.644284
2.385919 4.631164
2.360794 4.617594
2.335813 4.603585
2.310980 4.589147
2.286295 4.574288
2.261761 4.559018
2.237378 4.543347
2.213149 4.527284
2.189076 4.510840
2.165160 4.494023
2.141402 4.476843
2.117805 4.459310
2.094370 4.441433
2.071099 4.423222
2.047994 4.404686
2.025056 4.385835
2.002286 4.366678
1.979688 4.347225
1.957261 4.327486
1.935009 4.307471
1.912932 4.287187
1.891033 4.266647
1.869313 4.245857
1.847773 4.224830
1.826416 4.203573
1.805244 4.182097
1.784257 4.160410
1.763457 4.138524
1.742847 4.116446
1.722428 4.094188
1.702201 4.071757
1.682169 4.049165
1.662333 4.026420
1.642694 4.003532
1.623255 3.980510
1.604017 3.957365
1.584981 3.934105
1.566150 3.910740
1.547525 3.887281
1.529109 3.863735
1.510901 3.840114
1.492905 3.816426
1.475122 3.792681
1.457553 3.768888
1.440201 3.745058
1.423067 3.721199
1.406152 3.697322
1.389459 3.673436
1.372989 3.649550
1.356743 3.625673
1.340724 3.601817
1.324934 3.577989
1.309373 3.554200
1.294043 3.530460
1.278947 3.506777
1.264086 3.483161
1.249461 3.459622
1.235075 3.436170
1.220929 3.412814
1.207024 3.389563
1.193363 3.366428
1.179947 3.343417
1.166778 3.320540
1.153857 3.297807
1.141186 3.275228
1.128767 3.252811
1.116602 3.230567
1.104691 3.208505
1.093038 3.186634
1.081644 3.164965
1.070509 3.143506
1.059637 3.122268
1.049028 3.101260
1.038685 3.080491
1.028609 3.059971
1.018802 3.039709
1.009265 3.019716
1.000000 3.000000
0.991008 2.980570
0.982288 2.961431
0.973836 2.942585
0.965649 2.924036
0.957725 2.905787
0.950062 2.887840
0.942656 2.870199
0.935504 2.852868
0.928605 2.835848
0.921954 2.819144
0.915551 2.802759
0.909391 2.786695
0.903471 2.770956
0.897791 2.755545
0.892345 2.740464
0.887133 2.725718
0.882150 2.711310
0.877395 2.697241
0.872864 2.683516
0.868555 2.670138
0.864465 2.657109
0.860592 2.644434
0.856932 2.632114
0.853483 2.620154
0.850242 2.608556
0.847206 2.597323
0.844373 2.586459
0.841740 2.575966
0.839304 2.565848
0.837063 2.556108
0.835013 2.546750
0.833152 2.537775
0.831478 2.529188
0.829987 2.520991
0.828676 2.513188
0.827544 2.505781
0.826587 2.498774
0.825802 2.492170
0.825188 2.485972
0.824740 2.480184
0.824456 2.474808
0.824335 2.469847
0.824372 2.465305
0.824565 2.461184
0.824911 2.457488
0.825408 2.454221
0.826053 2.451384
0.826843 2.448982
0.827775 2.447017
0.828848 2.445492
0.830057 2.444411
0.831400 2.443777
0.832874 2.443593
0.834478 2.443861
0.836207 2.444586
0.838060 2.445770
0.840033 2.447416
0.842124 2.449528
0.844329 2.452109
0.846647 2.455161
0.849075 2.458688
0.851609 2.462693
0.854248 2.467179
0.856988 2.472150
0.859826 2.477608
0.862760 2.483556
0.865788 2.489999
0.868905 2.496938
0.872111 2.504376
0.875401 2.512318
0.878773 2.520766
0.882225 2.529724
0.885754 2.539193
0.889356 2.549179
0.893030 2.559683
0.896772 2.570708
0.900580 2.582259
0.904450 2.594338
0.908381 2.606948
0.912370 2.620092
0.916413 2.633774
0.920509 2.647996
0.924653 2.662762
0.928844 2.678075
0.933079 2.693937
0.937355 2.710353
0.941670 2.727325
0.946020 2.744857
0.950403 2.762950
0.954816 2.781610
0.959256 2.800838
0.963721 2.820638
0.968208 2.841013
0.972714 2.861966
0.977237 2.883500
0.981773 2.905619
0.986320 2.928325
0.990876 2.951622
0.995436 2.975513
1.000000 3.000000
