0.000000 -800.000000
0.033333 -768.796993
0.066667 -738.029606
0.100000 -707.686316
0.133333 -677.755469
0.166667 -648.225251
0.200000 -619.083654
0.233333 -590.318445
0.266667 -561.917145
0.300000 -533.867000
0.333333 -506.154965
0.366667 -478.767684
0.400000 -451.691478
0.433333 -424.912336
0.466667 -398.415906
0.500000 -372.187497
0.533333 -346.212078
0.566667 -320.474282
0.600000 -294.958419
0.633333 -269.648481
0.666667 -244.528168
0.700000 -219.580897
0.733333 -194.789827
0.766667 -170.137888
0.800000 -145.607798
0.833333 -121.182103
0.866667 -96.843195
0.900000 -72.573357
0.933333 -48.354783
0.966667 -24.169620
1.000000 0.000000
