0.000000 -800.000000
0.016667 -783.893195
0.033333 -767.898541
0.050000 -752.015833
0.066667 -736.244851
0.083333 -720.585356
0.100000 -705.037082
0.116667 -689.599736
0.133333 -674.272991
0.150000 -659.056482
0.166667 -643.949806
0.183333 -628.952511
0.200000 -614.064098
0.216667 -599.284015
0.233333 -584.611656
0.250000 -570.046354
0.266667 -555.587378
0.283333 -541.233936
0.300000 -526.985165
0.316667 -512.840131
0.333333 -498.797830
0.350000 -484.857179
0.366667 -471.017021
0.383333 -457.276119
0.400000 -443.633154
0.416667 -430.086729
0.433333 -416.635361
0.450000 -403.277485
0.466667 -390.011451
0.483333 -376.835524
0.500000 -363.747887
0.516667 -350.746635
0.533333 -337.829780
0.550000 -324.995250
0.566667 -312.240891
0.583333 -299.564466
0.600000 -286.963658
0.616667 -274.436068
0.633333 -261.979223
0.650000 -249.590572
0.666667 -237.267490
0.683333 -225.007282
0.700000 -212.807183
0.716667 -200.664362
0.733333 -188.575923
0.750000 -176.538912
0.766667 -164.550315
0.783333 -152.607065
0.800000 -140.706044
0.816667 -128.844088
0.833333 -117.017987
0.850000 -105.224494
0.866667 -93.460326
0.883333 -81.722165
0.900000 -70.006669
0.916667 -58.310472
0.933333 -46.630186
0.950000 -34.962411
0.966667 -23.303735
0.983333 -11.650738
1.000000 0.000000
