0.000000 -800.000000
0.025000 -776.230251
0.050000 -752.709559
0.075000 -729.435073
0.100000 -706.403880
0.125000 -683.612979
0.150000 -661.059267
0.175000 -638.739515
0.200000 -616.650352
0.225000 -594.788249
0.250000 -573.149499
0.275000 -551.730206
0.300000 -530.526270
0.325000 -509.533371
0.350000 -488.746965
0.375000 -468.162265
0.400000 -447.774241
0.425000 -427.577610
0.450000 -407.566830
0.475000 -387.736097
0.500000 -368.079343
0.525000 -348.590240
0.550000 -329.262192
0.575000 -310.088348
0.600000 -291.061601
0.625000 -272.174595
0.650000 -253.419732
0.675000 -234.789183
0.700000 -216.274899
0.725000 -197.868618
0.750000 -179.561885
0.775000 -161.346059
0.800000 -143.212336
0.825000 -125.151758
0.850000 -107.155235
0.875000 -89.213560
0.900000 -71.317432
0.925000 -53.457468
0.950000 -35.624230
0.975000 -17.808239
1.000000 0.000000
